IAGPD,20161223,103,103.24,103,103.2,82578,0
IAGPD,20161226,103.2,103.2,103.2,103.2,0,0
IAGPD,20161227,103.2,103.2,103.2,103.2,0,0
IAGPD,20161228,103.19,103.98,103.19,103.98,6846,0
IAGPD,20161229,103.98,104,103.9,104,9112,0
IAGPD,20161230,103.99,103.99,103.6,103.8,12791,0
IAGPD,20170102,103.8,103.8,103.8,103.8,0,0
IAGPD,20170103,103.65,103.8,103.5,103.51,11178,0
IAGPD,20170104,103.78,104.08,103.78,104.08,10740,0
IAGPD,20170105,104.15,104.689,104,104.689,7999,0
IAGPD,20170106,104.45,104.65,104.4,104.65,7188,0
IAGPD,20170109,104.68,104.98,104.68,104.96,6251,0
IAGPD,20170110,104.8,105,104.7,104.7,3236,0
IAGPD,20170111,104.7,105.015,104.7,105.015,6496,0
IAGPD,20170112,104.9,105.05,104.8,104.85,8586,0
IAGPD,20170113,104.96,105,104.75,104.94,23133,0
IAGPD,20170116,104.94,105,104.8,105,3522,0
IAGPD,20170117,104.99,105.1,104.8,105,10938,0
IAGPD,20170118,105,105.05,104.83,105,3450,0
IAGPD,20170119,105,105.05,104.83,105.05,4342,0
IAGPD,20170120,105.05,105.18,104.85,104.85,17733,0
IAGPD,20170123,105.07,105.08,104.83,105,4668,0
IAGPD,20170124,104.9,105,104.9,105,4664,0
IAGPD,20170125,104.9,104.9,104.75,104.84,7845,0
IAGPD,20170126,104.84,104.84,104.84,104.84,0,0
IAGPD,20170127,104.8,104.88,104.65,104.88,6471,0
IAGPD,20170130,104.8,104.89,104.35,104.55,9017,0
IAGPD,20170131,104.55,104.65,104.15,104.15,5680,0
IAGPD,20170201,104.15,104.599,104.01,104.299,6300,0
IAGPD,20170202,104.3,104.44,103.9,104,10028,0
IAGPD,20170203,104.44,104.45,104,104.031,3284,0
IAGPD,20170206,104,104.25,103.612,104.24,2309,0
IAGPD,20170207,104.24,104.61,104,104.01,4499,0
IAGPD,20170208,104.25,104.36,104,104,1792,0
IAGPD,20170209,104.249,104.25,104,104.249,1643,0
IAGPD,20170210,104.249,104.329,104.2,104.25,1154,0
IAGPD,20170213,104.26,104.82,104.25,104.82,2067,0
IAGPD,20170214,104.71,104.72,104.27,104.7,1907,0
IAGPD,20170215,104.7,104.73,104.35,104.73,4585,0
IAGPD,20170216,104.77,104.86,104.25,104.25,3912,0
IAGPD,20170217,104.5,104.5,104.48,104.5,1577,0
IAGPD,20170220,104.49,104.5,104.1,104.5,2377,0
IAGPD,20170221,104.49,104.5,104.1,104.5,3611,0
IAGPD,20170222,104.101,104.83,104.101,104.83,1700,0
IAGPD,20170223,104.83,104.83,104.2,104.25,3097,0
IAGPD,20170224,104.3,104.83,104.3,104.45,4145,0
IAGPD,20170227,104.411,104.5,104.4,104.5,1711,0
IAGPD,20170228,104.45,104.5,104.231,104.4,2078,0
IAGPD,20170301,104.221,104.87,104.11,104.399,6049,0
IAGPD,20170302,104.45,105,104.12,104.88,11269,0
IAGPD,20170303,104.32,105.02,104.32,104.55,7274,0
IAGPD,20170306,103.2,103.55,103,103.515,6157,0
IAGPD,20170307,103.585,103.585,103.42,103.5,4679,0
IAGPD,20170308,103.39,103.49,103.31,103.49,5544,0
IAGPD,20170309,103.49,103.61,103.49,103.61,11081,0
IAGPD,20170310,103.55,103.55,103.35,103.48,6761,0
IAGPD,20170313,103.47,104.5,103.46,103.6,12207,0
IAGPD,20170314,103.7,104.4,103.7,104,8033,0
IAGPD,20170315,104,105.09,104,104.87,2712,0
IAGPD,20170316,105.05,105.1,104.5,105.1,5672,0
IAGPD,20170317,105.1,105.1,105,105.05,999,0
IAGPD,20170320,104.99,105,104.83,104.83,1480,0
IAGPD,20170321,105,105,104.8,104.98,987,0
IAGPD,20170322,104.6,105,104.5,104.5,1607,0
IAGPD,20170323,104.9,105,104.5,104.9,1271,0
IAGPD,20170324,104.99,104.99,104.16,104.5,2906,0
IAGPD,20170327,104.23,104.4,104,104,4024,0
IAGPD,20170328,103.95,104,103.85,104,7287,0
IAGPD,20170329,104,104,103.63,103.63,11054,0
IAGPD,20170330,103.65,104,103.6,104,2288,0
IAGPD,20170331,104,104.2,104,104,5471,0
IAGPD,20170403,104.2,104.2,104,104.15,2281,0
IAGPD,20170404,104.15,104.5,104.1,104.5,7416,0
IAGPD,20170405,104.5,104.52,103.802,104.49,13002,0
IAGPD,20170406,104.49,104.52,104.101,104.48,6289,0
IAGPD,20170407,104.48,104.48,104.3,104.4,15297,0
IAGPD,20170410,104.4,105.01,104.4,104.95,3912,0
IAGPD,20170411,104.95,105.02,104.56,104.98,5300,0
IAGPD,20170412,104.98,105.38,104.98,105.38,3710,0
IAGPD,20170413,105.38,106,105.38,106,2793,0
IAGPD,20170414,106,106,106,106,0,0
IAGPD,20170417,106,106,106,106,0,0
IAGPD,20170418,105.99,106,105.75,106,2194,0
IAGPD,20170419,106.6,106.81,105.9,106.44,4447,0
IAGPD,20170420,106,106.39,106,106.39,1355,0
IAGPD,20170421,106.39,106.39,106.21,106.35,2060,0
IAGPD,20170424,106.35,106.4,106.1,106.3,3106,0
IAGPD,20170425,106.3,106.3,106.3,106.3,0,0
IAGPD,20170426,106.3,106.38,106,106,5145,0
IAGPD,20170427,106,106.42,106,106,4682,0
IAGPD,20170428,106,106.1,105.82,105.82,4368,0
IAGPD,20170501,106,106.1,105.6,105.6,6857,0
IAGPD,20170502,105.9,105.98,105.75,105.75,2524,0
IAGPD,20170503,105.95,105.95,105.5,105.5,4591,0
IAGPD,20170504,105.3,105.5,105.3,105.5,7155,0
IAGPD,20170505,105.5,105.5,105.35,105.5,2892,0
IAGPD,20170508,105.5,105.98,105.4,105.8,4631,0
IAGPD,20170509,105.8,105.99,105.61,105.99,1905,0
IAGPD,20170510,105.869,106.19,105.849,106.19,5730,0
IAGPD,20170511,106.38,106.42,106,106.42,3840,0
IAGPD,20170512,106.46,107.2,106.46,106.8,2566,0
IAGPD,20170515,106.8,106.8,106.1,106.1,2233,0
IAGPD,20170516,106.1,106.1,105.9,106.1,6379,0
IAGPD,20170517,106.1,106.1,106,106,3439,0
IAGPD,20170518,106,106.84,106,106.84,1695,0
IAGPD,20170519,106.8,107,106.151,107,3579,0
IAGPD,20170522,106.161,108,106.161,107.74,3138,0
IAGPD,20170523,107,107,106.12,106.9,1947,0
IAGPD,20170524,106.9,107.09,106.5,106.5,3602,0
IAGPD,20170525,106.75,107.59,106.749,107.59,3424,0
IAGPD,20170526,107.7,107.75,106.26,107.75,2917,0
IAGPD,20170529,107.35,107.35,106.25,106.98,3077,0
IAGPD,20170530,106.98,107.01,106.51,106.9,1109,0
IAGPD,20170531,106.26,106.55,105.78,106.399,6567,0
IAGPD,20170601,106.48,107,106.48,107,3125,0
IAGPD,20170602,106.5,106.95,106,106.95,5250,0
IAGPD,20170605,106.98,106.98,106.5,106.5,3005,0
IAGPD,20170606,106.5,106.5,105.2,105.2,2622,0
IAGPD,20170607,105.2,106,105.15,105.35,6956,0
IAGPD,20170608,105.3,105.3,104.62,104.65,5685,0
IAGPD,20170609,104.65,104.65,104.3,104.6,4072,0
IAGPD,20170612,104.6,104.6,104.6,104.6,0,0
IAGPD,20170613,104.6,104.6,104.27,104.27,4230,0
IAGPD,20170614,104.35,104.511,104,104.11,5423,0
IAGPD,20170615,103.96,104.2,103.34,104.2,2563,0
IAGPD,20170616,103.99,104.1,103.6,104.04,3667,0
IAGPD,20170619,103.979,103.99,103.51,103.98,15440,0
IAGPD,20170620,103.5,104.19,103.5,104,6871,0
IAGPD,20170621,103.65,104.18,103.6,104,4391,0
IAGPD,20170622,103.85,104.36,103.85,104,4984,0
IAGPD,20170623,103.86,105.08,103.86,104.26,3567,0
IAGPD,20170626,104.26,104.78,104.26,104.33,3277,0
IAGPD,20170627,104.38,105,104.3,104.95,13587,0
IAGPD,20170628,104.999,105,104.501,105,2103,0
IAGPD,20170629,105,105.99,104.99,105.99,5165,0
IAGPD,20170630,107.99,107.99,105.551,106.53,1095,0
IAGPD,20170703,106.151,107,106.15,107,2745,0
IAGPD,20170704,106.95,107.5,106.6,107.47,3130,0
IAGPD,20170705,107.25,107.25,107.14,107.25,1460,0
IAGPD,20170706,106.76,107.29,106,107,15375,0
IAGPD,20170707,107,107.08,106.451,106.47,2193,0
IAGPD,20170710,106.36,107,106.35,107,2296,0
IAGPD,20170711,107,107.07,106.75,107,10793,0
IAGPD,20170712,106.9,106.9,106.7,106.74,7439,0
IAGPD,20170713,106.74,106.9,106.7,106.75,7868,0
IAGPD,20170714,106.75,106.9,106.62,106.9,22231,0
IAGPD,20170717,106.99,106.99,106.32,106.37,4632,0
IAGPD,20170718,106.54,106.54,106.21,106.52,1472,0
IAGPD,20170719,106.49,106.49,106.2,106.45,2229,0
IAGPD,20170720,106.2,106.439,105.81,106.2,3115,0
IAGPD,20170721,106,106.23,105.9,106.23,4263,0
IAGPD,20170724,106.32,106.4,105.9,105.91,3254,0
IAGPD,20170725,106.4,106.4,105.91,105.91,2063,0
IAGPD,20170726,106.34,106.54,106.29,106.54,1617,0
IAGPD,20170727,106.29,106.45,105.96,106.45,3366,0
IAGPD,20170728,106.4,107,106.4,107,7089,0
IAGPD,20170731,107.29,107.29,106.5,106.5,7238,0
IAGPD,20170801,107,107,106.52,106.75,1357,0
IAGPD,20170802,106.52,107,106.52,106.52,2191,0
IAGPD,20170803,106.6,107,106.6,107,4436,0
IAGPD,20170804,106.95,106.95,106.55,106.95,3734,0
IAGPD,20170807,106.61,106.95,106.541,106.8,2669,0
IAGPD,20170808,106.8,107.08,106.55,107,5584,0
IAGPD,20170809,106.75,106.98,106.75,106.75,635,0
IAGPD,20170810,106.75,107,106.6,106.6,7989,0
IAGPD,20170811,106.6,107,106.6,106.65,4640,0
IAGPD,20170814,106.7,107,106.7,106.9,3960,0
IAGPD,20170815,106.9,106.9,106.75,106.9,2445,0
IAGPD,20170816,106.9,107,106.7,106.7,4779,0
IAGPD,20170817,106.799,106.9,106.7,106.7,4936,0
IAGPD,20170818,106.85,107.1,106.65,106.65,4659,0
IAGPD,20170821,107,107,106.55,106.55,2314,0
IAGPD,20170822,107,107,106.55,107,1086,0
IAGPD,20170823,106.8,107,106.01,106.01,4231,0
IAGPD,20170824,106.111,106.8,106.111,106.8,4081,0
IAGPD,20170825,106.803,107,106.8,107,526,0
IAGPD,20170828,107,107,106.401,106.43,2742,0
IAGPD,20170829,106.7,106.98,106.45,106.98,2188,0
IAGPD,20170830,106.95,107.4,106.95,107.4,5453,0
IAGPD,20170831,107.4,107.49,107.2,107.49,2088,0
IAGPD,20170901,106.85,107.35,106.85,107.35,3471,0
IAGPD,20170904,107.2,107.2,106.8,106.8,2174,0
IAGPD,20170905,106.8,107.099,106.5,106.57,4984,0
IAGPD,20170906,105.7,106.4,105.7,106.4,3549,0
IAGPD,20170907,106.01,106.5,106,106,6401,0
IAGPD,20170908,105.99,106.5,105.99,106.5,7553,0
IAGPD,20170911,106.5,106.5,106,106.2,1161,0
IAGPD,20170912,106,106.7,106,106.7,13543,0
IAGPD,20170913,106.01,107.75,106.01,106.203,1132,0
IAGPD,20170914,106.89,106.9,106.5,106.75,1037,0
IAGPD,20170915,106.75,106.75,106.6,106.6,1528,0
IAGPD,20170918,106.6,107,106.5,106.99,2107,0
IAGPD,20170919,106.65,107,106.2,106.2,4253,0
IAGPD,20170920,106.201,109.5,106.201,108.45,1893,0
IAGPD,20170921,108.1,108.3,106.999,107,2109,0
IAGPD,20170922,107.99,108,107,107,2461,0
IAGPD,20170925,106.75,107,106.75,106.75,1572,0
IAGPD,20170926,107,107.6,106.55,106.55,3442,0
IAGPD,20170927,106.55,107.73,106.3,106.3,3068,0
IAGPD,20170928,106.872,106.872,106.5,106.86,1557,0
IAGPD,20170929,106.86,107,106.53,106.8,2165,0
IAGPD,20171002,106.9,106.9,106.6,106.9,894,0
IAGPD,20171003,106.8,107,106.3,106.7,7671,0
IAGPD,20171004,106.312,106.694,106.25,106.649,2823,0
IAGPD,20171005,106.25,106.689,106.25,106.5,2237,0
IAGPD,20171006,106.5,106.98,106.21,106.5,3191,0
IAGPD,20171009,106.5,106.5,106.5,106.5,0,0
IAGPD,20171010,106.5,106.5,106.5,106.5,0,0
IAGPD,20171011,106.5,106.879,106.5,106.879,5954,0
IAGPD,20171012,106.699,106.78,106.55,106.65,2481,0
IAGPD,20171013,106.65,106.65,106.111,106.162,3374,0
IAGPD,20171016,106.162,106.162,106.162,106.162,0,0
IAGPD,20171017,106.301,106.6,106.281,106.6,4718,0
IAGPD,20171018,106.82,106.919,106.5,106.919,3028,0
IAGPD,20171019,106.9,106.9,106.54,106.55,2098,0
IAGPD,20171020,106.55,106.99,106.5,106.5,2991,0
IAGPD,20171023,106.989,107.039,106.51,107.028,3229,0
IAGPD,20171024,107.049,107.049,106.9,107,2357,0
IAGPD,20171025,106.65,107.1,106.65,107.1,1431,0
IAGPD,20171026,107.25,107.349,107.25,107.26,1663,0
IAGPD,20171027,107.3,107.5,107.3,107.5,858,0
IAGPD,20171030,107.26,107.68,107.25,107.26,2380,0
IAGPD,20171031,107.799,107.799,107.27,107.28,4381,0
IAGPD,20171101,107.849,107.99,107.848,107.99,1934,0
IAGPD,20171102,107.98,107.98,107.501,107.55,1802,0
IAGPD,20171103,107.9,107.99,107.9,107.98,1791,0
IAGPD,20171106,107.98,108.29,107.66,108.29,2820,0
IAGPD,20171107,108,108.5,108,108.05,3613,0
IAGPD,20171108,108.1,108.15,108.1,108.1,1659,0
IAGPD,20171109,108.1,108.4,108.1,108.4,2226,0
IAGPD,20171110,108.4,108.48,108.1,108.45,2611,0
IAGPD,20171113,107.67,108.49,107.67,108.49,1439,0
IAGPD,20171114,108.49,108.69,108.36,108.6,2042,0
IAGPD,20171115,107.9,108.35,107.64,108.189,3138,0
IAGPD,20171116,108,108.239,107.671,108.239,2239,0
IAGPD,20171117,107.8,108.15,107.5,108.15,4756,0
IAGPD,20171120,107.98,107.98,107.55,107.94,1618,0
IAGPD,20171121,107.8,107.89,107.65,107.77,1476,0
IAGPD,20171122,107.8,107.8,107.56,107.57,5078,0
IAGPD,20171123,107.5,107.69,107.5,107.5,1023,0
IAGPD,20171124,107.56,107.9,107.56,107.9,4098,0
IAGPD,20171127,107.9,108.015,107.55,107.55,2119,0
IAGPD,20171128,107.56,108.025,107.54,108,4481,0
IAGPD,20171129,107.561,108,107.5,107.95,3822,0
IAGPD,20171130,107.94,108,107.65,108,3437,0
IAGPD,20171201,107.999,108,107.7,107.7,2627,0
IAGPD,20171204,107.8,107.88,107.42,107.44,9434,0
IAGPD,20171205,107.43,107.43,107.1,107.14,5783,0
IAGPD,20171206,106.5,106.5,106,106.3,6901,0
IAGPD,20171207,106.27,106.44,106.25,106.44,2836,0
IAGPD,20171208,106.5,106.75,106.16,106.16,4396,0
IAGPD,20171211,106.17,106.63,106.17,106.17,2708,0
IAGPD,20171212,106.18,106.58,106.18,106.25,1066,0
IAGPD,20171213,106.499,106.619,106.25,106.5,6786,0
IAGPD,20171214,106.5,106.65,106.32,106.35,5646,0
IAGPD,20171215,106.6,106.7,106.6,106.7,1005,0
IAGPD,20171218,106.68,106.8,106.65,106.8,2277,0
IAGPD,20171219,106.75,106.75,106.66,106.66,2820,0
IAGPD,20171220,106.7,107,106.7,107,3031,0
IAGPD,20171221,106.99,107.19,106.52,107.18,8011,0
IAGPD,20171222,107,107.65,107,107.65,2107,0
IAGPD,20171225,107.65,107.65,107.65,107.65,0,0
IAGPD,20171226,107.65,107.65,107.65,107.65,0,0
IAGPD,20171227,107.68,107.68,107.65,107.65,1024,0
IAGPD,20171228,107.22,107.62,107.22,107.3,337,0
IAGPD,20171229,107.3,107.68,107.19,107.68,2048,0
IAGPD,20180101,107.68,107.68,107.68,107.68,0,0
IAGPD,20180102,107.6,108,107.6,108,828,0
IAGPD,20180103,108.1,108.5,107.75,107.75,910,0
IAGPD,20180104,107.75,108.45,107.75,107.75,1029,0
IAGPD,20180105,107.6,108.37,107.6,108.37,752,0
IAGPD,20180108,108.4,108.88,108,108.88,2365,0
IAGPD,20180109,108.879,108.89,108,108,1773,0
IAGPD,20180110,108,108.75,108,108.6,1768,0
IAGPD,20180111,108.55,108.58,108.4,108.58,1141,0
IAGPD,20180112,108.56,108.58,108.35,108.35,305,0
IAGPD,20180115,108.59,108.6,107.78,107.78,2366,0
IAGPD,20180116,107.8,108.2,107.78,108.2,798,0
IAGPD,20180117,108.15,108.15,107.78,107.79,2390,0
IAGPD,20180118,107.802,108,107.802,108,879,0
IAGPD,20180119,107.8,108,107.7,108,2766,0
IAGPD,20180122,107.71,108,107.6,107.6,3030,0
IAGPD,20180123,107.77,108.13,107.7,108.05,2835,0
IAGPD,20180124,108.05,108.05,107.801,108,1130,0
IAGPD,20180125,108.05,108.1,107.8,108.1,2365,0
IAGPD,20180126,108.1,108.1,108.1,108.1,0,0
IAGPD,20180129,108,108.1,107.8,108.1,1139,0
IAGPD,20180130,107.9,108.1,107.7,107.7,1557,0
IAGPD,20180131,107.7,108.1,107.7,108.1,3008,0
IAGPD,20180201,107.899,108.2,107.89,107.95,4235,0
IAGPD,20180202,108.2,108.79,107.82,108.79,2445,0
IAGPD,20180205,108.779,108.79,108.779,108.78,1470,0
IAGPD,20180206,108.35,108.7,108,108,4505,0
IAGPD,20180207,108.55,108.78,108.55,108.77,7828,0
IAGPD,20180208,108.6,108.88,108.2,108.79,10721,0
IAGPD,20180209,108.79,108.96,108.05,108.74,2666,0
IAGPD,20180212,108.74,108.74,107.9,108,4463,0
IAGPD,20180213,107.9,108.2,107.27,107.301,5178,0
IAGPD,20180214,107.849,108,107.29,107.35,4366,0
IAGPD,20180215,107.35,107.85,107.25,107.35,5125,0
IAGPD,20180216,107.5,107.7,107.32,107.32,3288,0
IAGPD,20180219,107.34,107.55,107.09,107.55,3301,0
IAGPD,20180220,107.2,107.5,107.13,107.5,3137,0
IAGPD,20180221,107.13,107.5,107.01,107.01,3474,0
IAGPD,20180222,107.05,107.3,107,107,4658,0
IAGPD,20180223,107.25,107.5,107.25,107.42,6289,0
IAGPD,20180226,107.26,107.5,107.02,107.02,1493,0
IAGPD,20180227,107.31,107.5,107.02,107.5,1654,0
IAGPD,20180228,107.02,107.49,107,107,8509,0
IAGPD,20180301,107.5,107.5,107,107,4252,0
IAGPD,20180302,106.91,107,106.8,106.8,5015,0
IAGPD,20180305,106.89,107.15,106.89,107,593,0
IAGPD,20180306,106.2,106.35,105.57,106,2191,0
IAGPD,20180307,105.4,106,105.115,105.25,6782,0
IAGPD,20180308,105.89,105.89,105.13,105.301,5175,0
IAGPD,20180309,105.35,106.05,105.3,105.95,7124,0
IAGPD,20180312,105.88,105.9,105.32,105.6,1165,0
IAGPD,20180313,105.6,106,105.5,105.501,1376,0
IAGPD,20180314,105.6,105.6,104.44,105,2281,0
IAGPD,20180315,104.5,105,104.185,104.5,1413,0
IAGPD,20180316,104.7,105.98,104.7,105.98,4991,0
IAGPD,20180319,104.9,106,104.85,106,1759,0
IAGPD,20180320,105.7,105.75,105.3,105.75,1281,0
IAGPD,20180321,105.5,105.51,105.05,105.3,2026,0
IAGPD,20180322,105.4,105.4,105.01,105.01,6196,0
IAGPD,20180323,105.01,105.31,104.7,104.75,4159,0
IAGPD,20180326,104.75,104.85,103.5,103.5,3357,0
IAGPD,20180327,103.5,103.85,103.5,103.8,3673,0
IAGPD,20180328,102.5,103.25,102.5,102.5,10197,0
IAGPD,20180329,102.5,103,102.3,103,2291,0
IAGPD,20180330,103,103,103,103,0,0
IAGPD,20180402,103,103,103,103,0,0
IAGPD,20180403,103,103.25,103,103.051,2034,0
IAGPD,20180404,103.1,103.5,103.1,103.4,2092,0
IAGPD,20180405,103.6,103.999,103.3,103.899,3118,0
IAGPD,20180406,103.898,103.93,103.35,103.929,4475,0
IAGPD,20180409,103.9,104.5,103.62,104.5,2782,0
IAGPD,20180410,104.5,105.12,104.45,104.899,3840,0
IAGPD,20180411,104.55,105.279,104.55,105.279,908,0
IAGPD,20180412,104.8,105.4,104.8,105.4,2113,0
IAGPD,20180413,105,105.3,104.75,104.75,1126,0
IAGPD,20180416,104.75,105.34,104.75,105.3,1881,0
IAGPD,20180417,105.325,105.4,104.77,104.77,2593,0
IAGPD,20180418,105,105.2,104.562,104.601,8151,0
IAGPD,20180419,104.77,105.2,104.652,104.703,2865,0
IAGPD,20180420,105.2,105.3,105.145,105.145,1682,0
IAGPD,20180423,104.851,106.26,104.8,106.26,4190,0
IAGPD,20180424,105.9,105.9,105.5,105.7,2634,0
IAGPD,20180425,105.7,105.7,105.7,105.7,0,0
IAGPD,20180426,105.7,105.75,105.5,105.75,1414,0
IAGPD,20180427,105.75,105.75,105.2,105.7,1164,0
IAGPD,20180430,105.799,105.9,105.48,105.9,942,0
IAGPD,20180501,105.849,106.38,105.36,105.36,1185,0
IAGPD,20180502,105.35,105.899,105.35,105.4,1029,0
IAGPD,20180503,105.4,105.599,105.31,105.31,2286,0
IAGPD,20180504,105.31,105.75,105.3,105.5,1392,0
IAGPD,20180507,105.5,105.5,105,105.5,1963,0
IAGPD,20180508,105.5,105.5,104.81,104.81,6377,0
IAGPD,20180509,104.8,105.3,104.5,104.5,4922,0
IAGPD,20180510,105.07,105.08,104.95,105,1633,0
IAGPD,20180511,104.61,105.75,104.61,105.75,2633,0
IAGPD,20180514,104.76,105.35,104.651,105.35,1428,0
IAGPD,20180515,105,105.05,104.78,104.9,2331,0
IAGPD,20180516,104.77,104.93,104.71,104.71,2067,0
IAGPD,20180517,104.71,104.91,104.69,104.75,3534,0
IAGPD,20180518,104.801,104.82,104.64,104.64,3519,0
IAGPD,20180521,104.6,104.97,104.6,104.899,1105,0
IAGPD,20180522,104.76,104.87,104.59,104.59,4393,0
IAGPD,20180523,104.5,104.9,104.45,104.6,1153,0
IAGPD,20180524,104.6,104.9,104.53,104.53,3525,0
IAGPD,20180525,104.56,105.15,104.54,105.15,4822,0
IAGPD,20180528,104.61,104.65,104.45,104.46,3295,0
IAGPD,20180529,104.23,104.5,104.08,104.12,3600,0
IAGPD,20180530,104.377,104.38,104.13,104.2,4890,0
IAGPD,20180531,104.25,104.59,104.1,104.59,4731,0
IAGPD,20180601,104.494,104.6,104.1,104.1,3442,0
IAGPD,20180604,104.56,104.65,104.15,104.4,2583,0
IAGPD,20180605,104.56,104.56,104.062,104.18,5460,0
IAGPD,20180606,103.11,103.75,103.1,103.69,4229,0
IAGPD,20180607,103.69,103.93,103.4,103.4,1025,0
IAGPD,20180608,103.26,103.6,103.25,103.25,5516,0
IAGPD,20180611,103.25,103.25,103.25,103.25,0,0
IAGPD,20180612,103.251,103.65,103.251,103.549,5196,0
IAGPD,20180613,103.549,104.25,103.4,104.25,2202,0
IAGPD,20180614,104.24,104.24,103.71,104,4315,0
IAGPD,20180615,104,104.25,103.75,104.25,2015,0
IAGPD,20180618,104.25,104.25,103.85,103.95,2091,0
IAGPD,20180619,103.96,104.25,103.96,104.249,6207,0
IAGPD,20180620,104.2,104.45,104.12,104.15,1498,0
IAGPD,20180621,104.65,104.75,104.26,104.75,1355,0
IAGPD,20180622,104.35,104.7,104.33,104.7,3077,0
IAGPD,20180625,104.41,104.7,104.41,104.7,3972,0
IAGPD,20180626,104.7,104.798,104.64,104.7,1999,0
IAGPD,20180627,104.83,104.85,104.5,104.6,4192,0
IAGPD,20180628,104.66,104.7,104.65,104.65,2566,0
IAGPD,20180629,104.71,104.999,104.67,104.67,1866,0
IAGPD,20180702,105.3,105.568,105,105.568,2440,0
IAGPD,20180703,105,105.397,104.75,104.75,4552,0
IAGPD,20180704,104.75,104.95,104.502,104.95,3349,0
IAGPD,20180705,104.85,105.35,104.85,105.319,3946,0
IAGPD,20180706,105.319,105.55,105.2,105.2,2730,0
IAGPD,20180709,105.2,105.66,105.2,105.5,1787,0
IAGPD,20180710,105.9,106.26,105.5,105.66,4586,0
IAGPD,20180711,105.65,105.65,105.3,105.35,3413,0
IAGPD,20180712,106,106.31,105.35,106.05,1461,0
IAGPD,20180713,106.05,106.33,105.79,106.159,3536,0
IAGPD,20180716,106.159,106.2,105.6,105.6,1813,0
IAGPD,20180717,106.1,106.1,105.55,105.66,1073,0
IAGPD,20180718,105.7,106.18,105.7,106.18,5159,0
IAGPD,20180719,106,106.398,105.8,106,2718,0
IAGPD,20180720,106.299,106.48,106,106.15,3125,0
IAGPD,20180723,106.33,106.455,106.05,106.05,2413,0
IAGPD,20180724,106,106.56,105.92,105.92,3028,0
IAGPD,20180725,105.922,106.5,105.922,106.45,2956,0
IAGPD,20180726,106.45,106.45,106.1,106.45,1384,0
IAGPD,20180727,106.45,106.85,106.45,106.849,4010,0
IAGPD,20180730,106.8,106.95,106.71,106.94,962,0
IAGPD,20180731,106.979,106.979,106.7,106.7,1370,0
IAGPD,20180801,106.7,106.7,106.28,106.65,2781,0
IAGPD,20180802,106.65,107,106.5,106.55,867,0
IAGPD,20180803,107,107.519,107,107.32,3444,0
IAGPD,20180806,107.36,107.45,107.3,107.45,2343,0
IAGPD,20180807,107.518,107.53,106.75,106.77,2327,0
IAGPD,20180808,107.5,107.5,107.1,107.39,493,0
IAGPD,20180809,107.1,107.59,106.9,107.59,1537,0
IAGPD,20180810,107.2,107.35,106.6,107.35,1448,0
IAGPD,20180813,107.35,107.41,106.6,106.6,2394,0
IAGPD,20180814,106.65,107.05,106.61,106.74,1825,0
IAGPD,20180815,106.74,107.05,106.7,107.05,2811,0
IAGPD,20180816,107,107.21,107,107.2,1147,0
IAGPD,20180817,106.75,107.13,106.75,107.12,1639,0
IAGPD,20180820,107.18,107.81,107.18,107.78,4939,0
IAGPD,20180821,107.78,107.94,107.6,107.6,2342,0
IAGPD,20180822,107.6,107.9,107.6,107.65,5066,0
IAGPD,20180823,107.65,107.9,107.3,107.9,2797,0
IAGPD,20180824,107.89,108.08,107.25,107.25,1506,0
IAGPD,20180827,107.35,107.9,107.08,107.9,6329,0
IAGPD,20180828,107.06,107.8,107.06,107.55,1151,0
IAGPD,20180829,107.8,107.88,107.55,107.55,1782,0
IAGPD,20180830,107.85,108.19,107.55,108.19,990,0
IAGPD,20180831,108.1,108.1,107.6,107.7,1655,0
IAGPD,20180903,107.7,108.15,107.5,107.99,1148,0
IAGPD,20180904,107.5,107.99,107.1,107.8,2945,0
IAGPD,20180905,107.75,107.99,106.93,107.15,3641,0
IAGPD,20180906,106.7,106.7,106.35,106.55,7270,0
IAGPD,20180907,106.05,106.55,106.05,106.05,1602,0
IAGPD,20180910,106.05,106.55,106.05,106.55,813,0
IAGPD,20180911,106.25,106.25,106.25,106.25,1014,0
IAGPD,20180912,106.25,106.55,106.25,106.55,963,0
IAGPD,20180913,106.55,106.55,106,106,2172,0
IAGPD,20180914,106,106.88,105.72,106.88,2133,0
IAGPD,20180917,106.499,106.499,105.88,105.9,3027,0
IAGPD,20180918,105.781,106.9,105.781,106.26,3984,0
IAGPD,20180919,106.84,106.87,106.79,106.84,1222,0
IAGPD,20180920,106.8,106.83,106.061,106.3,3721,0
IAGPD,20180921,106.3,106.8,106.3,106.6,1561,0
IAGPD,20180924,106.4,106.92,106.35,106.92,526,0
IAGPD,20180925,106.8,106.96,106.4,106.4,4307,0
IAGPD,20180926,106.45,106.6,106.25,106.3,3632,0
IAGPD,20180927,106.12,106.29,105.98,106.29,6918,0
IAGPD,20180928,106.17,106.35,106.17,106.35,4902,0
IAGPD,20181001,106.35,106.35,105.75,105.75,1030,0
IAGPD,20181002,106,106.15,105.81,105.81,1408,0
IAGPD,20181003,105.76,106.15,105.75,105.85,4409,0
IAGPD,20181004,106.3,106.6,106,106.01,1449,0
IAGPD,20181005,106,106.53,106,106.25,2247,0
IAGPD,20181008,106.26,106.53,106.26,106.53,1013,0
IAGPD,20181009,106.25,106.49,106.1,106.49,2513,0
IAGPD,20181010,106.25,106.6,106.12,106.12,2829,0
IAGPD,20181011,106.15,106.2,105.95,106,6112,0
IAGPD,20181012,106.05,106.2,105.9,106.2,3406,0
IAGPD,20181015,106.2,106.41,106.18,106.18,3546,0
IAGPD,20181016,106.19,106.3,105.95,106.26,2238,0
IAGPD,20181017,106.26,106.26,106,106.09,1649,0
IAGPD,20181018,106.09,106.32,105.9,106.32,2155,0
IAGPD,20181019,106,106.29,105.95,106,3073,0
IAGPD,20181022,105.95,105.999,105.87,105.93,2366,0
IAGPD,20181023,105.93,106,105.7,105.82,15390,0
IAGPD,20181024,105.83,106,105.83,105.84,914,0
IAGPD,20181025,105.83,105.83,105.27,105.35,2692,0
IAGPD,20181026,105.39,105.98,105.38,105.98,1140,0
IAGPD,20181029,105.28,105.84,105.27,105.4,1809,0
IAGPD,20181030,105.41,105.75,105.29,105.35,3292,0
IAGPD,20181031,105.5,105.85,105.322,105.352,1050,0
IAGPD,20181101,105.312,105.6,105.3,105.3,1297,0
IAGPD,20181102,105.35,105.6,105.33,105.5,2166,0
IAGPD,20181105,105.5,105.6,105.37,105.6,1035,0
IAGPD,20181106,105.689,105.689,105.46,105.51,479,0
IAGPD,20181107,105.51,105.85,105.51,105.85,2183,0
IAGPD,20181108,105.85,106.398,105.85,106,5521,0
IAGPD,20181109,106,106.1,105.92,106.1,1583,0
IAGPD,20181112,106.1,106.1,105.52,105.9,1627,0
IAGPD,20181113,105.95,105.95,105.88,105.95,2610,0
IAGPD,20181114,105.95,106.6,105.75,105.75,3239,0
IAGPD,20181115,105.9,105.9,105.8,105.8,1150,0
IAGPD,20181116,105.71,106.548,105.71,105.85,1418,0
IAGPD,20181119,106.29,106.29,105.55,105.55,2710,0
IAGPD,20181120,105.5,105.6,105.312,105.5,4170,0
IAGPD,20181121,105.5,105.52,105.33,105.33,2116,0
IAGPD,20181122,105.38,105.6,105.38,105.6,2501,0
IAGPD,20181123,105.5,105.87,105.49,105.517,1168,0
IAGPD,20181126,105.517,105.9,105.45,105.89,3324,0
IAGPD,20181127,105.9,106.18,105.43,106,1098,0
IAGPD,20181128,106,106.06,105.3,105.47,3299,0
IAGPD,20181129,105.302,105.47,105.3,105.47,1622,0
IAGPD,20181130,105.3,105.5,105.28,105.5,3327,0
IAGPD,20181203,105.5,105.5,105.25,105.25,372,0
IAGPD,20181204,105.18,105.49,105.162,105.49,2300,0
IAGPD,20181205,105.39,105.49,105.36,105.49,5473,0
IAGPD,20181206,104.499,104.7,104.499,104.55,1505,0
IAGPD,20181207,104.699,104.9,104.155,104.155,672,0
IAGPD,20181210,104.155,104.6,103.61,103.61,2193,0
IAGPD,20181211,103.7,104.4,103.7,104,2014,0
IAGPD,20181212,104.179,104.2,104.179,104.2,1839,0
IAGPD,20181213,104.2,104.25,104,104.25,4362,0
IAGPD,20181214,104.25,104.4,104,104.4,1827,0
IAGPD,20181217,104.4,104.4,104.04,104.2,2410,0
IAGPD,20181218,104.2,104.29,103.6,103.6,4249,0
IAGPD,20181219,103.67,104.8,103.67,103.8,5071,0
IAGPD,20181220,103.87,104.65,103.87,104.65,3027,0
IAGPD,20181221,104.65,105,104.65,105,4157,0
IAGPD,20181224,105,105.12,105,105.12,4583,0
IAGPD,20181225,105.12,105.12,105.12,105.12,0,0
IAGPD,20181226,105.12,105.12,105.12,105.12,0,0
IAGPD,20181227,105.12,105.12,104.65,104.65,912,0
IAGPD,20181228,105.1,105.1,104.66,105.1,278,0
IAGPD,20181231,104.66,105.12,104.66,105.12,276,0
IAGPD,20190101,105.12,105.12,105.12,105.12,0,0
IAGPD,20190102,105.23,105.41,104.7,104.7,1285,0
IAGPD,20190103,104.7,105.1,104.652,104.652,230,0
IAGPD,20190104,104.7,105.28,104.7,105.28,233,0
IAGPD,20190107,104.802,105.39,104.802,105.38,3303,0
IAGPD,20190108,105,105.4,104.8,105.4,11190,0
IAGPD,20190109,105.03,105.34,105.02,105.082,417,0
IAGPD,20190110,105.052,105.77,105.05,105.77,2200,0
IAGPD,20190111,105.4,105.77,104.857,105.77,1670,0
IAGPD,20190114,105.15,105.77,105.01,105.77,2802,0
IAGPD,20190115,105.22,105.83,105.22,105.83,647,0
IAGPD,20190116,105.84,105.84,105.36,105.69,1397,0
IAGPD,20190117,105.69,105.8,105.69,105.74,673,0
IAGPD,20190118,105.78,105.78,105.7,105.72,1444,0
IAGPD,20190121,105.42,105.92,105.42,105.92,1664,0
IAGPD,20190122,105.61,105.94,105.61,105.9,440,0
IAGPD,20190123,105.85,105.9,105.85,105.86,987,0
IAGPD,20190124,105.89,106,105.87,106,2020,0
IAGPD,20190125,106,106,105.6,106,3131,0
IAGPD,20190128,106,106,106,106,0,0
IAGPD,20190129,106,106.25,105.65,106.24,2592,0
IAGPD,20190130,106.23,106.23,105.56,105.56,1711,0
IAGPD,20190131,105.56,106.049,105.56,105.999,1346,0
IAGPD,20190201,105.99,106.098,105.75,106.07,2688,0
IAGPD,20190204,106.07,106.078,105.66,105.71,3398,0
IAGPD,20190205,106.04,106.1,105.66,106,1589,0
IAGPD,20190206,105.68,106.1,105.68,106.1,1456,0
IAGPD,20190207,106.1,106.1,105.85,106,3098,0
IAGPD,20190208,106,106,105.85,105.95,3377,0
IAGPD,20190211,105.95,106,105.851,105.98,8079,0
IAGPD,20190212,105.85,105.85,105.2,105.231,2284,0
IAGPD,20190213,105.2,105.65,105.2,105.2,1742,0
IAGPD,20190214,105.3,105.85,105.25,105.25,1826,0
IAGPD,20190215,105.3,105.55,105.1,105.12,13486,0
IAGPD,20190218,105.5,105.98,105.35,105.35,1354,0
IAGPD,20190219,105.4,105.99,105.4,105.51,1840,0
IAGPD,20190220,105.51,105.99,105.51,105.9,2849,0
IAGPD,20190221,105.9,106,105.65,106,3254,0
IAGPD,20190222,105.75,105.95,105.671,105.95,3053,0
IAGPD,20190225,105.67,106.71,105.67,106.71,9110,0
IAGPD,20190226,106,106.5,105.8,106.49,3058,0
IAGPD,20190227,106.25,106.5,106.25,106.5,1072,0
IAGPD,20190228,106.5,106.5,105.8,106.1,2564,0
IAGPD,20190301,106.25,106.39,105.4,105.501,4032,0
IAGPD,20190304,105.95,106.26,105.521,106.26,1496,0
IAGPD,20190305,106.26,106.5,105.7,106.5,2003,0
IAGPD,20190306,105.3,105.3,104.44,104.5,3414,0
IAGPD,20190307,104.5,104.5,103.7,103.7,3997,0
IAGPD,20190308,103.8,104.29,103.8,104.29,2478,0
IAGPD,20190311,103.81,104.2,103.81,103.95,908,0
IAGPD,20190312,103.95,104,103.51,103.51,4130,0
IAGPD,20190313,103.999,104.28,103.999,104.25,2367,0
IAGPD,20190314,104.25,104.5,104.25,104.25,1506,0
IAGPD,20190315,104.3,104.589,104.05,104.589,2350,0
IAGPD,20190318,104.1,104.8,104.1,104.3,4835,0
IAGPD,20190319,104.05,104.35,104.05,104.2,2964,0
IAGPD,20190320,104.25,105,104.25,105,5111,0
IAGPD,20190321,105.1,105.27,104.75,104.76,3335,0
IAGPD,20190322,104.77,105.28,104.62,104.62,5993,0
IAGPD,20190325,105.4,105.4,104.75,105.36,2990,0
IAGPD,20190326,105.36,105.64,105.36,105.5,2487,0
IAGPD,20190327,105.4,105.65,105.4,105.65,2944,0
IAGPD,20190328,105.6,105.8,105.5,105.7,2395,0
IAGPD,20190329,105.75,106,105.75,106,1965,0
IAGPD,20190401,105.55,105.98,105.55,105.98,938,0
IAGPD,20190402,105.65,106.15,105.6,105.66,2699,0
IAGPD,20190403,105.65,106.15,105.62,105.63,3898,0
IAGPD,20190404,105.63,106,105.62,105.63,4391,0
IAGPD,20190405,105.63,105.7,105.55,105.6,3352,0
IAGPD,20190408,105.6,106.04,105.6,106.04,4135,0
IAGPD,20190409,106.04,106.1,105.6,105.65,2823,0
IAGPD,20190410,105.55,106.15,105.5,106.15,2673,0
IAGPD,20190411,106.1,106.1,105.5,105.6,2477,0
IAGPD,20190412,105.5,105.5,105.301,105.5,1396,0
IAGPD,20190415,105.5,105.55,105.31,105.31,596,0
IAGPD,20190416,105.35,105.729,105.3,105.7,990,0
IAGPD,20190417,105.7,105.799,105.3,105.3,4725,0
IAGPD,20190418,105.16,105.44,105.16,105.18,298,0
IAGPD,20190419,105.18,105.18,105.18,105.18,0,0
IAGPD,20190422,105.18,105.18,105.18,105.18,0,0
IAGPD,20190423,105.45,105.5,105.21,105.45,2456,0
IAGPD,20190424,105.45,105.5,105.45,105.45,6047,0
IAGPD,20190425,105.45,105.45,105.45,105.45,0,0
IAGPD,20190426,105.3,106.13,105.28,106.13,1897,0
IAGPD,20190429,106.09,106.1,105.35,106.1,2369,0
IAGPD,20190430,105.8,105.949,105.8,105.8,1172,0
IAGPD,20190501,105.85,106,105.85,106,2455,0
IAGPD,20190502,106,106.14,105.85,105.85,1859,0
IAGPD,20190503,105.85,106.15,105.8,106.15,1521,0
IAGPD,20190506,106.15,106.3,105.99,106.28,1355,0
IAGPD,20190507,106.28,106.75,106.28,106.75,799,0
IAGPD,20190508,106.37,107.12,106.37,107.11,2584,0
IAGPD,20190509,106.55,107.15,106.5,107.15,1056,0
IAGPD,20190510,106.96,106.96,105.97,106,6219,0
IAGPD,20190513,106,106,106,106,0,0
IAGPD,20190514,106.12,106.4,106.1,106.11,5734,0
IAGPD,20190515,106.2,106.35,106.1,106.35,4724,0
IAGPD,20190516,106.31,106.5,106.2,106.2,4180,0
IAGPD,20190517,106.23,106.65,106.2,106.65,2774,0
IAGPD,20190520,106.65,106.65,106.2,106.2,2594,0
IAGPD,20190521,106.2,106.6,106.2,106.2,2039,0
IAGPD,20190522,106.33,106.9,106.25,106.9,3045,0
IAGPD,20190523,106.41,106.8,106.4,106.4,3679,0
IAGPD,20190524,106.48,106.99,106.48,106.99,2243,0
IAGPD,20190527,106.46,107.14,106.46,107.13,1602,0
IAGPD,20190528,107.13,107.13,106.99,107.1,1039,0
IAGPD,20190529,107.1,107.14,106.57,107.13,1804,0
IAGPD,20190530,106.65,107.1,106.65,107.1,495,0
IAGPD,20190531,106.75,107.14,106.73,106.75,3908,0
IAGPD,20190603,107.3,107.3,106.8,107.3,854,0
IAGPD,20190604,106.82,107.35,106.82,106.86,1508,0
IAGPD,20190605,106.85,107.35,106.85,106.932,733,0
IAGPD,20190606,106.4,106.4,105.71,105.82,5849,0
IAGPD,20190607,105.82,106.39,105.76,105.76,2927,0
IAGPD,20190610,105.76,105.76,105.76,105.76,0,0
IAGPD,20190611,105.78,106.4,105.78,105.95,2707,0
IAGPD,20190612,106.37,106.6,106.021,106.55,2199,0
IAGPD,20190613,106.4,106.99,106.35,106.35,3785,0
IAGPD,20190614,107,107,106.55,107,2331,0
IAGPD,20190617,106.601,106.95,106.601,106.95,1613,0
IAGPD,20190618,107.01,107.01,106.6,106.61,2426,0
IAGPD,20190619,106.61,106.98,106.55,106.94,3648,0
IAGPD,20190620,106.45,107.06,106.45,107.06,5740,0
IAGPD,20190621,107.039,107.05,106.8,106.9,908,0
IAGPD,20190624,106.9,106.9,106.9,106.9,0,0
IAGPD,20190625,106.85,106.95,106.6,106.95,1928,0
IAGPD,20190626,106.81,107,106.8,107,2731,0
IAGPD,20190627,106.812,107,106.81,106.812,2519,0
IAGPD,20190628,107,107.05,106.8,106.95,12265,0
IAGPD,20190701,106.95,107.4,106.87,106.92,2267,0
IAGPD,20190702,107,107.33,107,107.15,2506,0
IAGPD,20190703,107.34,107.44,107.04,107.3,3785,0
IAGPD,20190704,107.48,107.48,107.35,107.37,902,0
IAGPD,20190705,107.47,107.47,107.4,107.47,866,0
IAGPD,20190708,107.47,107.65,107.37,107.37,5923,0
IAGPD,20190709,107.37,107.73,107.25,107.25,1560,0
IAGPD,20190710,107.27,107.74,107.26,107.72,1037,0
IAGPD,20190711,107.72,107.749,107.5,107.7,1413,0
IAGPD,20190712,107.52,107.78,107.52,107.78,4196,0
IAGPD,20190715,107.79,107.79,107.749,107.75,3689,0
IAGPD,20190716,107.7,107.7,107.5,107.5,4963,0
IAGPD,20190717,107.5,107.75,107.49,107.7,2532,0
IAGPD,20190718,107.95,108.1,107.65,108.1,757,0
IAGPD,20190719,107.7,108.1,107.6,108.1,1529,0
IAGPD,20190722,108,108.1,107.7,108.1,8003,0
IAGPD,20190723,107.8,108.29,107.75,108.29,3164,0
IAGPD,20190724,108.2,108.7,108.01,108.7,1446,0
IAGPD,20190725,108.5,108.999,108.02,108.5,675,0
IAGPD,20190726,108.5,109.29,108.45,109.23,2273,0
IAGPD,20190729,108.99,108.99,108.3,108.3,213,0
IAGPD,20190730,108.8,109.48,108.5,109.15,1361,0
IAGPD,20190731,109.15,109.35,107.85,108.1,2926,0
IAGPD,20190801,108.1,108.1,107.74,107.81,1801,0
IAGPD,20190802,107.8,108.32,107.7,108.32,3023,0
IAGPD,20190805,107.75,108.05,107.7,107.8,1519,0
IAGPD,20190806,107.73,107.99,107.73,107.75,1482,0
IAGPD,20190807,107.8,107.98,107.75,107.75,3775,0
IAGPD,20190808,107.97,107.99,107.75,107.75,1048,0
IAGPD,20190809,107.75,108.3,107.75,108.3,2245,0
IAGPD,20190812,107.88,108,107.811,107.85,2241,0
IAGPD,20190813,107.85,108.3,107.85,108.3,2366,0
IAGPD,20190814,107.9,107.93,107.9,107.93,1001,0
IAGPD,20190815,107.94,108.27,107.86,107.86,1936,0
IAGPD,20190816,108.19,108.45,107.92,107.92,738,0
IAGPD,20190819,107.97,108.42,107.85,108,2276,0
IAGPD,20190820,108.4,108.4,108,108,331,0
IAGPD,20190821,108.37,109.73,107.928,108.25,5962,0
IAGPD,20190822,108.25,108.25,107.95,108,3692,0
IAGPD,20190823,108,108,107.95,107.95,1759,0
IAGPD,20190826,108.4,108.4,108.03,108.15,1335,0
IAGPD,20190827,108.15,108.4,108.04,108.04,2269,0
IAGPD,20190828,108.04,108.2,107.98,108.2,3705,0
IAGPD,20190829,108.04,108.5,108.04,108.5,3760,0
IAGPD,20190830,108.5,108.5,108.1,108.3,1460,0
IAGPD,20190902,108.3,108.67,108.3,108.65,1095,0
IAGPD,20190903,108.401,108.65,108.401,108.5,2218,0
IAGPD,20190904,108.85,108.98,108.5,108.5,1538,0
IAGPD,20190905,107.5,107.9,107.35,107.83,2025,0
IAGPD,20190906,107.83,108.5,107.4,107.95,3716,0
IAGPD,20190909,108.198,108.2,107.96,108.2,827,0
IAGPD,20190910,107.64,108.2,107.64,108.2,2512,0
IAGPD,20190911,107.66,107.98,107.5,107.98,4351,0
IAGPD,20190912,107.979,107.979,107.41,107.5,2202,0
IAGPD,20190913,107.5,107.94,107.43,107.94,1965,0
IAGPD,20190916,107.64,107.64,107.35,107.55,1463,0
IAGPD,20190917,107.449,107.449,106.79,107,13768,0
IAGPD,20190918,107,107,107,107,1244,0
IAGPD,20190919,107.94,107.94,107.2,107.94,597,0
IAGPD,20190920,107.5,107.9,107,107,5610,0
IAGPD,20190923,107,107.359,106.9,106.94,1395,0
IAGPD,20190924,107.151,107.3,107.15,107.3,146,0
IAGPD,20190925,107.201,107.38,107.015,107.015,1156,0
IAGPD,20190926,107.05,107.439,107.05,107.439,203,0
IAGPD,20190927,107.05,107.54,107.015,107.015,1370,0
IAGPD,20190930,107.03,107.5,107.03,107.5,337,0
IAGPD,20191001,107.25,107.5,107.25,107.25,1398,0
IAGPD,20191002,107.25,107.85,107.07,107.85,1860,0
IAGPD,20191003,108,108,107.22,107.27,1558,0
IAGPD,20191004,107.75,107.95,107.65,107.95,2268,0
IAGPD,20191007,107.83,107.93,107.5,107.93,582,0
IAGPD,20191008,107.45,108.1,107.45,107.56,1425,0
IAGPD,20191009,107.6,107.65,107.56,107.6,3498,0
IAGPD,20191010,107.55,107.7,107.45,107.53,4127,0
IAGPD,20191011,107.6,107.8,107.48,107.75,1674,0
IAGPD,20191014,107.469,107.849,107.469,107.5,1164,0
IAGPD,20191015,107.51,107.79,107.47,107.47,3555,0
IAGPD,20191016,107.789,107.789,107.41,107.7,709,0
IAGPD,20191017,107.79,107.79,107.45,107.7,2243,0
IAGPD,20191018,107.69,107.7,107.46,107.46,430,0
IAGPD,20191021,107.6,107.65,107.46,107.51,3461,0
IAGPD,20191022,107.52,108.5,107.5,108,4253,0
IAGPD,20191023,108,108.7,108,108.6,2030,0
IAGPD,20191024,108.5,108.9,108.4,108.5,1769,0
IAGPD,20191025,108.5,108.9,107.6,107.7,354,0
IAGPD,20191028,107.7,108.4,107.7,108.4,1662,0
IAGPD,20191029,108.38,108.4,107.95,107.95,1239,0
IAGPD,20191030,107.7,107.701,107.7,107.7,853,0
IAGPD,20191031,107.7,108.4,107.59,108.4,3177,0
IAGPD,20191101,108.4,109.1,107.63,107.63,3175,0
IAGPD,20191104,107.55,108.2,107.55,107.56,1528,0
IAGPD,20191105,107.56,107.7,107.55,107.7,4629,0
IAGPD,20191106,107.7,107.72,107.7,107.71,1292,0
IAGPD,20191107,108.19,108.4,108.19,108.38,448,0
IAGPD,20191108,108,108.25,107.8,107.999,614,0
IAGPD,20191111,107.711,108.5,107.711,108.5,1925,0
IAGPD,20191112,107.98,108,107.98,108,2431,0
IAGPD,20191113,108,108.2,108,108.2,2915,0
IAGPD,20191114,108.01,108.2,107.95,107.95,1201,0
IAGPD,20191115,107.9,108.2,107.85,107.9,1975,0
IAGPD,20191118,108.2,108.2,107.85,108.01,562,0
IAGPD,20191119,108.01,108.01,107.6,107.6,4867,0
IAGPD,20191120,107.8,108.15,107.8,107.8,2397,0
IAGPD,20191121,108.18,108.2,107.7,107.8,2317,0
IAGPD,20191122,107.901,108.19,107.9,108.19,1061,0
IAGPD,20191125,107.8,108.19,107.79,107.82,1369,0
IAGPD,20191126,108,108.2,108,108,1172,0
IAGPD,20191127,108.001,108.2,107.82,108.2,1907,0
IAGPD,20191128,108.2,108.2,107.76,108.2,1967,0
IAGPD,20191129,108,108.5,107.88,108.2,2175,0
IAGPD,20191202,108.199,108.2,107.78,107.78,1056,0
IAGPD,20191203,107.61,108.19,107.6,107.7,2109,0
IAGPD,20191204,108.189,108.189,107.8,107.8,307,0
IAGPD,20191205,106.102,107.98,106.102,107.86,1269,0
IAGPD,20191206,106.7,107.85,106.6,107.8,3606,0
IAGPD,20191209,107.75,107.75,106.652,107,2236,0
IAGPD,20191210,107,107,106.7,106.7,1628,0
IAGPD,20191211,107,107,106.55,106.55,2739,0
IAGPD,20191212,106.55,107.298,106.55,107.298,661,0
IAGPD,20191213,107.288,107.288,106.51,107.22,3268,0
IAGPD,20191216,107.25,107.299,106.6,106.6,2193,0
IAGPD,20191217,107.088,107.088,106.6,106.6,1077,0
IAGPD,20191218,106.998,107.25,106.6,107.25,2992,0
IAGPD,20191219,106.85,107,106.6,107,11824,0
IAGPD,20191220,107,107,106.54,107,3818,0
IAGPD,20191223,107,107,106.57,106.9,1371,0
IAGPD,20191224,106.9,107,106.9,107,272,0
IAGPD,20191225,107,107,107,107,0,0
IAGPD,20191226,107,107,107,107,0,0
IAGPD,20191227,107,107.2,107,107.2,669,0
IAGPD,20191230,107.2,107.2,107.2,107.2,167,0
IAGPD,20191231,107,107.34,107,107.34,275,0
IAGPD,20200101,107.34,107.34,107.34,107.34,0,0
IAGPD,20200102,107.34,107.35,107,107,768,0
IAGPD,20200103,107.35,107.35,107.35,107.35,15,0
IAGPD,20200106,107.35,107.35,107.35,107.35,0,0
IAGPD,20200107,107.26,107.93,107.25,107.25,506,0
IAGPD,20200108,107.25,107.778,107.25,107.25,1369,0
IAGPD,20200109,107.251,107.251,106.96,107,1869,0
IAGPD,20200110,107.35,107.4,106.9,107,7107,0
IAGPD,20200113,107.4,107.4,106.792,106.792,2779,0
IAGPD,20200114,106.81,107.32,106.81,106.89,3305,0
IAGPD,20200115,106.82,107.06,106.82,107,6957,0
IAGPD,20200116,107.1,107.3,107,107.3,21432,0
IAGPD,20200117,107.35,107.5,107.35,107.5,2174,0
IAGPD,20200120,107.42,107.42,106.93,107.01,1727,0
IAGPD,20200121,107.111,107.45,107.1,107.1,2290,0
IAGPD,20200122,107.04,107.6,107.04,107.6,1677,0
IAGPD,20200123,107.5,107.65,107.05,107.05,859,0
IAGPD,20200124,107.05,107.55,106.95,107.55,2392,0
IAGPD,20200127,107.55,107.55,107.55,107.55,0,0
IAGPD,20200128,107.5,107.5,107.21,107.21,652,0
IAGPD,20200129,107.21,107.55,107.21,107.55,1193,0
IAGPD,20200130,107.23,107.75,107.1,107.12,9943,0
IAGPD,20200131,107.15,107.2,107.131,107.2,3790,0
IAGPD,20200203,107.11,107.198,107.1,107.1,1788,0
IAGPD,20200204,107.051,107.5,107.051,107.25,4706,0
IAGPD,20200205,107.9,108.09,107.25,108.05,912,0
IAGPD,20200206,108.05,108.44,107.31,107.35,1713,0
IAGPD,20200207,107.32,107.5,107.32,107.5,22958,0
IAGPD,20200210,107.5,107.5,107.2,107.5,3054,0
IAGPD,20200211,107.5,107.5,107.12,107.25,1529,0
IAGPD,20200212,107.251,107.49,107.13,107.48,4697,0
IAGPD,20200213,107.4,107.4,107.14,107.14,1613,0
IAGPD,20200214,107.4,107.61,107.1,107.6,5391,0
IAGPD,20200217,107.75,107.75,107.65,107.65,164,0
IAGPD,20200218,107.5,107.74,107.2,107.74,1231,0
IAGPD,20200219,107.33,108.5,107.33,107.41,1621,0
IAGPD,20200220,107.41,107.75,107.22,107.71,4405,0
IAGPD,20200221,107.718,107.9,107.24,107.9,1639,0
IAGPD,20200224,107.8,107.85,107.255,107.7,985,0
IAGPD,20200225,107.7,107.8,107.26,107.4,5676,0
IAGPD,20200226,107.4,107.69,107.27,107.27,3739,0
IAGPD,20200227,107.25,107.74,107.09,107.09,2876,0
IAGPD,20200228,107,107,105,106,7164,0
IAGPD,20200302,105.5,105.51,105.26,105.26,1681,0
IAGPD,20200303,105.25,106.05,105.25,105.5,1954,0
IAGPD,20200304,105.25,106.401,105.25,105.35,2268,0
IAGPD,20200305,104.001,105.25,104.001,104.03,1966,0
IAGPD,20200306,104.25,104.9,104,104,1905,0
IAGPD,20200309,104,104,99,100,1093,0
IAGPD,20200310,100,101.5,96.5,100,8932,0
IAGPD,20200311,99.05,101.5,99.05,101.4,3025,0
IAGPD,20200312,100.6,100.6,91.01,96.5,5331,0
IAGPD,20200313,94,96.8,89.002,96.5,6083,0
IAGPD,20200316,95.1,95.5,92,92.1,4560,0
IAGPD,20200317,92.1,93,89.02,93,2780,0
IAGPD,20200318,93,95,92.25,93,2442,0
IAGPD,20200319,93,93,92.5,92.8,4339,0
IAGPD,20200320,93,95.4,93,93.35,3569,0
IAGPD,20200323,91.5,91.501,89.79,90,10122,0
IAGPD,20200324,90.5,90.5,89,90.45,4973,0
IAGPD,20200325,90.449,93,90.449,92.45,2367,0
IAGPD,20200326,95,95,92.5,93.5,16774,0
IAGPD,20200327,93.551,94.51,92.85,93.2,8430,0
IAGPD,20200330,93.2,93.2,90.05,92,7622,0
IAGPD,20200331,93.5,96.75,93.5,96.75,1660,0
IAGPD,20200401,96.75,99.5,96,98.6,3072,0
IAGPD,20200402,98.65,98.65,96.45,96.45,1562,0
IAGPD,20200403,96.45,96.45,95,95.99,2924,0
IAGPD,20200406,95.989,95.989,95,95.89,1785,0
IAGPD,20200407,95.89,95.9,95.002,95.052,1189,0
IAGPD,20200408,95.072,96,94.05,96,14265,0
IAGPD,20200409,96,96.01,95.053,95.96,2719,0
IAGPD,20200410,95.96,95.96,95.96,95.96,0,0
IAGPD,20200413,95.96,95.96,95.96,95.96,0,0
IAGPD,20200414,96.45,97.4,96,96.402,2531,0
IAGPD,20200415,97.8,98.55,97.8,98,1895,0
IAGPD,20200416,97.8,98.5,97,98.5,1142,0
IAGPD,20200417,98.5,98.5,97.9,98.5,5441,0
IAGPD,20200420,98.499,99.99,98.2,98.2,2250,0
IAGPD,20200421,98.7,99,98.222,99,3086,0
IAGPD,20200422,98.41,99,98.41,99,338,0
IAGPD,20200423,99,99.5,98.6,98.6,2226,0
IAGPD,20200424,98.75,100.249,98.652,98.75,2436,0
IAGPD,20200427,99.524,99.55,99.05,99.1,3400,0
IAGPD,20200428,99.55,99.553,99.21,99.4,1401,0
IAGPD,20200429,99.85,100.25,99.85,100.25,3241,0
IAGPD,20200430,100.26,100.999,100.26,100.65,3159,0
IAGPD,20200501,100.801,103.5,100.8,103.5,2477,0
IAGPD,20200504,103.479,103.479,101.5,101.51,2663,0
IAGPD,20200505,101.76,101.9,101.5,101.51,4035,0
IAGPD,20200506,102.25,102.25,101.71,102.2,1097,0
IAGPD,20200507,101.71,102,101.71,102,1580,0
IAGPD,20200508,102.249,102.75,101.9,101.9,1099,0
IAGPD,20200511,102,102,101.5,101.5,2806,0
IAGPD,20200512,101.6,101.99,101.5,101.5,1596,0
IAGPD,20200513,101.5,102,101.4,102,3691,0
IAGPD,20200514,101.552,102,100.502,101.5,4382,0
IAGPD,20200515,101.75,101.751,101.15,101.65,2353,0
IAGPD,20200518,101.162,101.65,101.16,101.162,2050,0
IAGPD,20200519,101.166,101.75,101.166,101.75,1043,0
IAGPD,20200520,101.601,101.989,101.6,101.6,2021,0
IAGPD,20200521,101.601,101.601,101.51,101.51,2026,0
IAGPD,20200522,101.99,102.5,101.521,102.25,1041,0
IAGPD,20200525,102.55,102.6,102.1,102.1,3926,0
IAGPD,20200526,102.3,102.3,101.652,101.652,2974,0
IAGPD,20200527,101.602,102.08,101.602,101.8,7614,0
IAGPD,20200528,101.99,102.47,101.8,102.35,8233,0
IAGPD,20200529,102.3,102.75,101.85,102,2668,0
IAGPD,20200601,101.999,102.15,101.96,102.06,4478,0
IAGPD,20200602,102.09,102.848,102.09,102.748,1775,0
IAGPD,20200603,102.748,102.8,102.6,102.8,1855,0
IAGPD,20200604,101.8,101.9,101.7,101.9,1018,0
IAGPD,20200605,101.9,102.6,101.65,101.66,3749,0
IAGPD,20200608,101.66,101.66,101.66,101.66,0,0
IAGPD,20200609,103.5,103.5,101.85,103,1802,0
IAGPD,20200610,103.748,104,103.011,103.011,8787,0
IAGPD,20200611,103.6,103.63,102.65,102.65,2756,0
IAGPD,20200612,102.65,102.65,102.202,102.62,2101,0
IAGPD,20200615,102.62,102.62,102.62,102.62,0,0
IAGPD,20200616,102.552,103.998,102.552,103.65,2682,0
IAGPD,20200617,103.65,103.72,103.1,103.66,8646,0
IAGPD,20200618,103.3,103.3,102.75,102.8,2609,0
IAGPD,20200619,102.782,103.53,102.782,103.53,1866,0
IAGPD,20200622,103.3,103.5,102.65,102.95,4318,0
IAGPD,20200623,102.76,103.3,102.76,103.3,1321,0
IAGPD,20200624,103.589,103.598,103.35,103.598,656,0
IAGPD,20200625,103.55,103.55,103.1,103.5,2151,0
IAGPD,20200626,103.4,103.6,103.21,103.5,1417,0
IAGPD,20200629,103.2,103.5,102.93,102.93,1340,0
IAGPD,20200630,102.92,103.8,102.92,103.54,7310,0
IAGPD,20200701,103.07,103.51,102.962,103.49,1536,0
IAGPD,20200702,103.022,103.48,103.02,103.081,1194,0
IAGPD,20200703,103.15,103.445,103.072,103.09,1012,0
IAGPD,20200706,103.11,103.35,103.103,103.25,629,0
IAGPD,20200707,103.31,104.25,103.252,104.25,485,0
IAGPD,20200708,104.25,104.487,103.402,104.487,396,0
IAGPD,20200709,104.35,104.448,103.5,103.6,4766,0
IAGPD,20200710,103.95,103.95,103.471,103.8,1855,0
IAGPD,20200713,103.93,103.94,102.8,102.8,10940,0
IAGPD,20200714,103.25,103.5,103.25,103.25,482,0
IAGPD,20200715,103.75,103.798,103.75,103.788,377,0
IAGPD,20200716,103.7,103.7,103.5,103.65,4178,0
IAGPD,20200717,103.31,103.6,102.802,102.84,5699,0
IAGPD,20200720,102.9,103.39,102.81,102.899,2715,0
IAGPD,20200721,103.3,103.3,102.8,102.802,1562,0
IAGPD,20200722,102.85,103.44,102.85,103.39,903,0
IAGPD,20200723,103.38,103.6,103.03,103.13,2770,0
IAGPD,20200724,103.13,103.5,103.12,103.12,1481,0
IAGPD,20200727,103.5,103.5,102.832,103.07,1978,0
IAGPD,20200728,102.999,102.999,102.235,102.8,4780,0
IAGPD,20200729,102.75,102.79,102.62,102.79,1087,0
IAGPD,20200730,102.6,103.49,102.42,103.49,4703,0
IAGPD,20200731,103.2,103.39,103,103.39,2428,0
IAGPD,20200803,103.23,103.38,102.799,103.38,2403,0
IAGPD,20200804,103.38,103.67,103.21,103.67,1616,0
IAGPD,20200805,103.67,103.672,103.31,103.31,1710,0
IAGPD,20200806,103.79,104.2,103.51,104.2,873,0
IAGPD,20200807,104,104.49,103.7,103.71,364,0
IAGPD,20200810,104,104.338,103.8,103.8,851,0
IAGPD,20200811,103.9,103.93,103.8,103.8,1068,0
IAGPD,20200812,104.2,104.2,103.86,103.86,952,0
IAGPD,20200813,103.9,104.229,103.8,103.8,5080,0
IAGPD,20200814,103.97,103.98,103.416,103.64,3198,0
IAGPD,20200817,103.75,103.8,103.63,103.8,2741,0
IAGPD,20200818,103.86,104,103.65,103.72,5837,0
IAGPD,20200819,103.94,103.95,103.75,103.855,2147,0
IAGPD,20200820,103.66,104,103.66,103.8,3128,0
IAGPD,20200821,103.77,103.85,103.76,103.76,4186,0
IAGPD,20200824,103.85,103.85,103.719,103.76,6553,0
IAGPD,20200825,103.85,103.95,103.67,103.82,7950,0
IAGPD,20200826,103.75,103.85,103.55,103.55,4799,0
IAGPD,20200827,103.55,103.72,103.1,103.69,3438,0
IAGPD,20200828,103.55,103.709,103.55,103.61,5867,0
IAGPD,20200831,103.9,104.18,103.7,103.9,7986,0
IAGPD,20200901,103.9,104,103.9,104,3015,0
IAGPD,20200902,103.71,104.14,103.61,103.7,4695,0
IAGPD,20200903,104.18,104.19,103.762,103.802,1837,0
IAGPD,20200904,103.74,103.74,102.7,103,2884,0
IAGPD,20200907,102.7,102.9,102.7,102.75,2967,0
IAGPD,20200908,102.9,102.9,102.72,102.9,5384,0
IAGPD,20200909,102.8,103.09,102.66,103.09,9560,0
IAGPD,20200910,103.1,103.918,103.1,103.886,6846,0
IAGPD,20200911,103.81,104.309,103.75,103.86,2736,0
IAGPD,20200914,103.96,104.338,103.25,103.25,8566,0
IAGPD,20200915,103.53,104.269,103.52,104.269,6514,0
IAGPD,20200916,104.288,104.29,104.06,104.24,7492,0
IAGPD,20200917,104.01,104.28,104,104,1940,0
IAGPD,20200918,104.05,104.347,104.05,104.2,2125,0
IAGPD,20200921,104.28,104.308,103.95,103.95,3625,0
IAGPD,20200922,103.57,104.248,103.57,104.248,845,0
IAGPD,20200923,104,104.28,104,104.28,5853,0
IAGPD,20200924,104.368,104.368,103.91,103.91,2347,0
IAGPD,20200925,103.92,104.299,103.92,104.29,2547,0
IAGPD,20200928,104.01,104.42,104.01,104.02,3138,0
IAGPD,20200929,104.07,104.6,104.03,104.49,2936,0
IAGPD,20200930,104.69,104.7,104.01,104.38,2134,0
IAGPD,20201001,104.747,104.75,104.38,104.75,1301,0
IAGPD,20201002,104.74,104.778,104.012,104.778,791,0
IAGPD,20201005,104.598,104.598,104.02,104.58,171,0
IAGPD,20201006,104.25,104.648,104.082,104.4,2493,0
IAGPD,20201007,104.18,104.41,104.03,104.2,1840,0
IAGPD,20201008,104.68,104.698,104.13,104.6,988,0
IAGPD,20201009,104.29,104.39,104.15,104.172,2633,0
IAGPD,20201012,104.3,104.55,104.3,104.55,2017,0
IAGPD,20201013,104.31,104.77,104.3,104.76,3787,0
IAGPD,20201014,104.76,104.76,104.3,104.598,1179,0
IAGPD,20201015,104.595,104.62,104.301,104.59,1914,0
IAGPD,20201016,104.597,104.597,103.502,104.3,3826,0
IAGPD,20201019,104.3,104.59,104.2,104.584,3674,0
IAGPD,20201020,104.3,104.48,104.002,104.3,3553,0
IAGPD,20201021,104.29,104.6,104.28,104.3,1087,0
IAGPD,20201022,104.499,105,103.601,103.601,4425,0
IAGPD,20201023,104.4,104.75,104.21,104.749,743,0
IAGPD,20201026,104.23,104.72,104.23,104.6,643,0
IAGPD,20201027,104.79,104.96,104.5,104.5,3299,0
IAGPD,20201028,105.084,105.12,104.36,104.4,3895,0
IAGPD,20201029,104.5,105,104.2,104.2,2232,0
IAGPD,20201030,104.34,105.16,104.34,105.158,5508,0
IAGPD,20201102,104.4,105.04,104.4,104.89,1400,0
IAGPD,20201103,104.9,104.9,104.5,104.5,1026,0
IAGPD,20201104,105.099,105.099,104.75,104.75,1300,0
IAGPD,20201105,104.99,104.99,104.53,104.75,569,0
IAGPD,20201106,104.53,105.22,104.5,104.85,4238,0
IAGPD,20201109,104.85,105.18,104.85,104.85,2608,0
IAGPD,20201110,104.86,105.22,104.84,104.85,4143,0
IAGPD,20201111,104.86,105.22,104.85,104.85,1181,0
IAGPD,20201112,105.34,105.35,104.5,104.5,1687,0
IAGPD,20201113,104.5,105.28,104.5,105.28,2090,0
IAGPD,20201116,104.55,104.55,104.55,104.55,142,0
IAGPD,20201117,104.75,104.99,104.2,104.5,8895,0
IAGPD,20201118,104.31,105,104.03,105,8115,0
IAGPD,20201119,105,105,105,105,0,0
IAGPD,20201120,105,105,105,105,0,0
IAGPD,20201123,104.5,104.89,104.5,104.84,7279,0
IAGPD,20201124,104.85,104.85,104.522,104.8,3714,0
IAGPD,20201125,104.8,104.95,104.522,104.78,3140,0
IAGPD,20201126,104.78,105.14,104.78,104.79,1540,0
IAGPD,20201127,104.8,105.09,104.75,104.99,3371,0
IAGPD,20201130,104.75,104.98,104.53,104.9,3000,0
IAGPD,20201201,104.8,104.94,104.59,104.65,3750,0
IAGPD,20201202,104.92,105.19,104.58,104.58,2200,0
IAGPD,20201203,104.85,104.85,104.55,104.69,3664,0
IAGPD,20201204,104,104.15,103.16,104.1,5520,0
IAGPD,20201207,104.02,104.39,103.75,104.39,2330,0
IAGPD,20201208,104.01,104.248,103.71,104.248,2594,0
IAGPD,20201209,104.01,104.46,104,104,4654,0
IAGPD,20201210,104,104,103.75,103.83,1959,0
IAGPD,20201211,103.85,104.36,103.85,104.25,8509,0
IAGPD,20201214,104.19,104.19,103.502,103.572,1592,0
IAGPD,20201215,103.501,104,103.501,104,3495,0
IAGPD,20201216,103.69,104.24,103.69,104,3692,0
IAGPD,20201217,103.9,104.21,103.68,104.21,5782,0
IAGPD,20201218,103.75,104.24,103.5,104.24,6235,0
IAGPD,20201221,104.07,104.1,103.6,103.7,1755,0
IAGPD,20201222,103.8,104.13,103.72,104.06,1777,0
IAGPD,20201223,104.12,104.19,104.06,104.19,2655,0
IAGPD,20201224,104.289,104.29,104.2,104.29,898,0
IAGPD,20201225,104.29,104.29,104.29,104.29,0,0
IAGPD,20201228,104.29,104.29,104.29,104.29,0,0
IAGPD,20201229,104.289,104.29,104.289,104.29,184,0
IAGPD,20201230,104.2,104.28,104.092,104.15,1195,0
IAGPD,20201231,104.28,104.37,104.202,104.202,1392,0
IAGPD,20210101,104.202,104.202,104.202,104.202,0,0
IAGPD,20210104,104.39,104.39,104.18,104.18,443,0
IAGPD,20210105,104.152,104.242,104.15,104.15,904,0
IAGPD,20210106,104.26,104.26,104.201,104.201,580,0
IAGPD,20210107,104.2,104.3,104.152,104.152,1606,0
IAGPD,20210108,104.152,104.33,104.152,104.231,1609,0
IAGPD,20210111,104.231,104.5,104.15,104.49,2210,0
IAGPD,20210112,104.16,104.529,104.16,104.3,2161,0
IAGPD,20210113,104.26,104.56,104.26,104.31,689,0
IAGPD,20210114,104.43,104.6,104.31,104.31,3110,0
IAGPD,20210115,104.54,104.61,104.25,104.59,2426,0
IAGPD,20210118,104.5,104.93,104.32,104.93,723,0
IAGPD,20210119,104.84,104.89,104.45,104.45,4635,0
IAGPD,20210120,104.929,104.929,104.41,104.54,2440,0
IAGPD,20210121,104.65,104.65,104.33,104.58,1027,0
IAGPD,20210122,104.58,104.68,104.32,104.68,5254,0
IAGPD,20210125,104.68,104.68,104.2,104.24,7205,0
IAGPD,20210126,104.24,104.24,104.24,104.24,0,0
IAGPD,20210127,104.24,104.6,104.24,104.251,1027,0
IAGPD,20210128,104.5,104.69,104.5,104.68,3401,0
IAGPD,20210129,104.67,104.79,104.46,104.7,8547,0
IAGPD,20210201,104.75,104.75,104.402,104.7,6014,0
IAGPD,20210202,104.69,104.69,104.45,104.6,2113,0
IAGPD,20210203,104.6,104.75,104.6,104.75,14705,0
IAGPD,20210204,104.6,104.95,104.53,104.6,2532,0
IAGPD,20210205,104.6,105.03,104.6,104.65,6008,0
IAGPD,20210208,104.6,105.17,104.4,104.95,4725,0
IAGPD,20210209,104.61,105.02,104.6,104.6,2676,0
IAGPD,20210210,104.98,105.23,104.62,104.8,1952,0
IAGPD,20210211,104.65,105.53,104.65,105.5,3818,0
IAGPD,20210212,105.349,105.398,104.93,105.398,492,0
IAGPD,20210215,105.15,105.398,105,105.02,3157,0
IAGPD,20210216,105.01,105.49,105.01,105.11,1574,0
IAGPD,20210217,105.47,105.699,105.03,105.5,5406,0
IAGPD,20210218,105.5,105.648,105.11,105.35,3691,0
IAGPD,20210219,105.57,105.65,105.45,105.6,3808,0
IAGPD,20210222,105.65,105.66,105.31,105.4,6216,0
IAGPD,20210223,105.46,105.85,105.401,105.401,2738,0
IAGPD,20210224,105.46,105.69,105.4,105.5,2126,0
IAGPD,20210225,105.45,105.62,105.42,105.42,3113,0
IAGPD,20210226,105.4,105.629,105.4,105.6,957,0
IAGPD,20210301,105.63,105.85,105.41,105.6,4802,0
IAGPD,20210302,105.5,105.65,105.35,105.35,4254,0
IAGPD,20210303,105.88,106.25,105.36,105.699,6460,0
IAGPD,20210304,104.92,105.22,104.2,104.33,8775,0
IAGPD,20210305,104.34,104.34,103.51,103.87,3664,0
IAGPD,20210308,103.88,104.499,103.85,103.85,2108,0
IAGPD,20210309,103.91,103.91,103,103.35,21116,0
IAGPD,20210310,103.54,103.55,103.22,103.221,7559,0
IAGPD,20210311,103.26,103.5,103.22,103.5,4000,0
IAGPD,20210312,103.232,104.1,103.1,103.1,5080,0
IAGPD,20210315,103.23,103.25,102.32,102.88,5746,0
IAGPD,20210316,102.52,103.5,102.52,103.5,8147,0
IAGPD,20210317,102.86,103.49,102.86,103.02,23042,0
IAGPD,20210318,103.4,103.63,103.04,103.15,2530,0
IAGPD,20210319,103.16,103.58,103.1,103.49,12946,0
IAGPD,20210322,103.152,103.42,103.152,103.152,19459,0
IAGPD,20210323,103.15,103.65,102.65,103,44677,0
IAGPD,20210324,103,103.44,102.9,103.012,17190,0
IAGPD,20210325,103.24,103.54,103.07,103.49,3567,0
IAGPD,20210326,103.4,103.49,103.26,103.26,2377,0
IAGPD,20210329,103.65,103.85,103.35,103.7,4191,0
IAGPD,20210330,103.41,103.75,103.41,103.7,1983,0
IAGPD,20210331,103.53,103.7,103.46,103.46,39901,0
IAGPD,20210401,103.45,103.7,103.35,103.65,5310,0
IAGPD,20210402,103.65,103.65,103.65,103.65,0,0
IAGPD,20210405,103.65,103.65,103.65,103.65,0,0
IAGPD,20210406,103.9,104.098,103.202,103.79,4717,0
IAGPD,20210407,103.81,103.989,103.6,103.93,8595,0
IAGPD,20210408,103.92,104.1,103.92,104.04,7339,0
IAGPD,20210409,104.25,104.37,103.93,104.37,8299,0
IAGPD,20210412,104.151,104.698,104.151,104.3,3122,0
IAGPD,20210413,104.36,104.81,104.31,104.65,4341,0
IAGPD,20210414,104.75,104.75,104.2,104.317,2197,0
IAGPD,20210415,104.2,104.74,104.11,104.728,2251,0
IAGPD,20210416,104.5,104.5,104.31,104.31,1438,0
IAGPD,20210419,104.31,104.829,104.31,104.45,1679,0
IAGPD,20210420,104.46,104.86,104.46,104.857,2367,0
IAGPD,20210421,104.8,104.8,104.778,104.78,3924,0
IAGPD,20210422,104.8,104.8,104.5,104.68,2545,0
IAGPD,20210423,104.7,104.7,104.541,104.65,7018,0
IAGPD,20210426,104.65,104.88,104.58,104.6,17722,0
IAGPD,20210427,104.57,104.7,104.55,104.7,33098,0
IAGPD,20210428,104.59,104.9,104.59,104.9,1875,0
IAGPD,20210429,104.76,105.12,104.76,105.116,4652,0
IAGPD,20210430,104.9,105.128,104.73,105.109,7167,0
IAGPD,20210503,105.09,105.09,104.68,105.048,1143,0
IAGPD,20210504,105.048,105.13,104.82,104.85,2084,0
IAGPD,20210505,104.8,105.1,104.8,104.91,2450,0
IAGPD,20210506,104.92,105.11,104.91,104.91,1448,0
IAGPD,20210507,104.91,105.128,104.901,105.128,1954,0
IAGPD,20210510,105,105.11,104.9,105.107,8374,0
IAGPD,20210511,104.99,105.2,104.9,104.95,3570,0
IAGPD,20210512,104.95,105.048,104.82,105.048,1205,0
IAGPD,20210513,105.028,105.028,104.8,104.8,1467,0
IAGPD,20210514,104.8,104.996,104.61,104.94,4578,0
IAGPD,20210517,104.92,104.92,104.61,104.64,1832,0
IAGPD,20210518,104.66,104.93,104.65,104.93,3535,0
IAGPD,20210519,104.93,104.938,104.65,104.9,2201,0
IAGPD,20210520,104.9,104.9,104.6,104.8,1951,0
IAGPD,20210521,104.8,104.849,104.601,104.8,4266,0
IAGPD,20210524,104.8,104.85,104.66,104.8,2943,0
IAGPD,20210525,104.8,104.8,104.482,104.8,3574,0
IAGPD,20210526,104.8,104.8,104.51,104.69,3003,0
IAGPD,20210527,104.6,104.69,104.322,104.4,4218,0
IAGPD,20210528,104.312,104.5,104.25,104.5,4671,0
IAGPD,20210531,104.55,104.78,104.5,104.78,2419,0
IAGPD,20210601,104.502,104.52,104.3,104.302,7649,0
IAGPD,20210602,104.39,104.39,104.312,104.34,2873,0
IAGPD,20210603,104.312,104.5,104.2,104.2,6161,0
IAGPD,20210604,103.001,103.67,102.99,103.48,2495,0
IAGPD,20210607,103.45,103.48,103.112,103.48,2142,0
IAGPD,20210608,103.48,103.898,103.25,103.89,1293,0
IAGPD,20210609,103.888,103.89,103.6,103.62,2577,0
IAGPD,20210610,103.6,103.87,103.5,103.6,4361,0
IAGPD,20210611,103.85,104.288,103.6,103.65,3820,0
IAGPD,20210614,103.65,103.65,103.65,103.65,0,0
IAGPD,20210615,103.5,103.91,103.5,103.7,4197,0
IAGPD,20210616,103.75,103.848,103.7,103.75,2606,0
IAGPD,20210617,103.8,104.298,103.7,103.7,8702,0
IAGPD,20210618,103.71,104.268,103.7,103.7,4571,0
IAGPD,20210621,103.71,104.228,103.71,103.74,3931,0
IAGPD,20210622,103.74,104.21,103.74,103.79,3990,0
IAGPD,20210623,104.17,104.2,103.861,103.861,5059,0
IAGPD,20210624,104.01,104.249,104,104.07,3214,0
IAGPD,20210625,104.2,104.21,104.07,104.07,2873,0
IAGPD,20210628,104.21,105,104.21,104.55,4651,0
IAGPD,20210629,104.3,104.89,104.3,104.45,4170,0
IAGPD,20210630,104.75,104.75,104.57,104.57,1399,0
IAGPD,20210701,104.61,104.61,104.6,104.6,322,0
