BNBG,20051222,100,100.18,100,100,70095,0
BNBG,20051223,100,100,99.75,99.999,4401,0
BNBG,20051226,99.999,99.999,99.999,99.999,0,0
BNBG,20051227,99.999,99.999,99.999,99.999,0,0
BNBG,20051228,99.999,99.999,99.999,99.999,0,0
BNBG,20051229,99.999,99.999,99.999,99.999,0,0
BNBG,20051230,99.94,99.999,99.94,99.999,1100,0
BNBG,20060102,99.999,99.999,99.999,99.999,0,0
BNBG,20060103,99.95,99.95,99.9,99.9,2135,0
BNBG,20060104,99.9,100,99.9,100,11550,0
BNBG,20060105,99.99,99.99,99.92,99.92,17687,0
BNBG,20060106,99.95,100,99.95,99.95,5241,0
BNBG,20060109,99.93,99.99,99.93,99.95,45507,0
BNBG,20060110,99.95,100,99.95,99.96,21206,0
BNBG,20060111,99.999,100,99.999,100,26050,0
BNBG,20060112,100.65,100.65,100.15,100.62,300,0
BNBG,20060113,100.6,100.6,100.1,100.6,1230,0
BNBG,20060116,100.6,100.6,100.6,100.6,270,0
BNBG,20060117,100.6,100.6,100.3,100.6,9176,0
BNBG,20060118,100.6,100.65,100.6,100.65,698,0
BNBG,20060119,100.58,100.58,100.201,100.5,24242,0
BNBG,20060120,100.5,100.5,100.22,100.48,41697,0
BNBG,20060123,100.47,100.5,100.35,100.5,2038,0
BNBG,20060124,100.5,100.55,100.38,100.55,30650,0
BNBG,20060125,100.55,100.55,100.42,100.45,12309,0
BNBG,20060126,100.45,100.45,100.45,100.45,0,0
BNBG,20060127,100.5,100.5,100.45,100.45,41287,0
BNBG,20060130,100.5,100.65,100.5,100.65,57050,0
BNBG,20060131,100.65,100.7,100.65,100.7,8930,0
BNBG,20060201,100.7,100.7,100.7,100.7,12835,0
BNBG,20060202,100.75,100.8,100.75,100.75,6622,0
BNBG,20060203,100.7,100.8,100.7,100.8,2658,0
BNBG,20060206,100.85,100.95,100.85,100.95,4737,0
BNBG,20060207,100.95,101,100.82,100.99,4502,0
BNBG,20060208,101.05,101.1,100.9,101.1,27817,0
BNBG,20060209,101.09,101.09,101,101,20920,0
BNBG,20060210,101,101.05,101,101,111596,0
BNBG,20060213,101,101.05,101,101,4695,0
BNBG,20060214,101,101.15,101,101.15,48177,0
BNBG,20060215,101.15,101.15,101.05,101.15,3436,0
BNBG,20060216,101.15,101.15,101.08,101.08,20554,0
BNBG,20060217,101.15,101.15,101,101.15,26274,0
BNBG,20060220,101.2,101.2,101.1,101.16,17114,0
BNBG,20060221,101.15,101.15,101.1,101.15,94838,0
BNBG,20060222,101.15,101.2,101.15,101.19,18404,0
BNBG,20060223,101.18,101.18,101.1,101.1,3111,0
BNBG,20060224,101.1,101.19,101.1,101.18,45442,0
BNBG,20060227,101.18,101.18,101.18,101.18,20414,0
BNBG,20060228,101.18,101.28,101.15,101.28,24121,0
BNBG,20060301,101.27,101.28,101.25,101.28,1594,0
BNBG,20060302,101.28,101.3,101.2,101.3,1000,0
BNBG,20060303,101.3,101.3,101.2,101.2,41877,0
BNBG,20060306,101.2,101.28,101.2,101.28,721,0
BNBG,20060307,101.28,101.3,101.16,101.3,1750,0
BNBG,20060308,101.25,101.3,101.25,101.3,1050,0
BNBG,20060309,101.28,101.3,101.28,101.3,777,0
BNBG,20060310,101.3,101.3,101.3,101.3,1460,0
BNBG,20060313,101.3,101.4,101.3,101.3,7931,0
BNBG,20060314,101.3,101.45,101.3,101.45,40269,0
BNBG,20060315,101.45,101.45,101.45,101.45,0,0
BNBG,20060316,101.5,101.65,101.5,101.65,32287,0
BNBG,20060317,101.65,101.69,101.54,101.65,1452,0
BNBG,20060320,101.6,101.6,101.52,101.6,1347,0
BNBG,20060321,101.6,101.64,101.6,101.64,1657,0
BNBG,20060322,101.64,101.68,101.601,101.68,13478,0
BNBG,20060323,101.68,101.68,101.3,101.4,1120,0
BNBG,20060324,101.3,101.68,101.3,101.68,2629,0
BNBG,20060327,101.65,101.68,101.55,101.68,799,0
BNBG,20060328,101.6,101.68,101.6,101.65,40914,0
BNBG,20060329,101.65,101.65,101.6,101.65,1624,0
BNBG,20060330,101.65,101.65,101.62,101.62,1061,0
BNBG,20060331,101.65,101.68,101.65,101.68,1829,0
BNBG,20060403,101.65,101.7,101.65,101.68,3409,0
BNBG,20060404,101.67,101.68,101.65,101.68,1536,0
BNBG,20060405,101.68,101.79,101.65,101.79,1944,0
BNBG,20060406,101.79,101.94,101.79,101.94,1288,0
BNBG,20060407,101.9,101.9,101.9,101.9,890,0
BNBG,20060410,101.75,101.95,101.75,101.95,1642,0
BNBG,20060411,101.9,102,101.9,102,3515,0
BNBG,20060412,101.94,101.94,101.65,101.9,2176,0
BNBG,20060413,101.8,102.1,101.8,102.1,21659,0
BNBG,20060414,102.1,102.1,102.1,102.1,0,0
BNBG,20060417,102.1,102.1,102.1,102.1,0,0
BNBG,20060418,102.09,102.25,102,102.15,3692,0
BNBG,20060419,102.25,102.35,102.25,102.25,3646,0
BNBG,20060420,102.25,102.4,102.25,102.4,12939,0
BNBG,20060421,102.45,102.45,102.45,102.45,362,0
BNBG,20060424,102.49,102.5,102.49,102.5,1306,0
BNBG,20060425,102.5,102.5,102.5,102.5,0,0
BNBG,20060426,102.45,102.5,102.4,102.5,831,0
BNBG,20060427,102.4,102.5,102.3,102.5,1333,0
BNBG,20060428,102.6,103,102.6,103,900,0
BNBG,20060501,102.79,102.79,100.6,100.99,2826,0
BNBG,20060502,100.51,101,100.51,101,14304,0
BNBG,20060503,100.85,100.98,100.85,100.85,3052,0
BNBG,20060504,100.85,100.94,100.75,100.75,2547,0
BNBG,20060505,100.85,100.85,100.85,100.85,1100,0
BNBG,20060508,100.9,100.9,100.7,100.85,1175,0
BNBG,20060509,100.9,100.99,100.52,100.52,6814,0
BNBG,20060510,100.83,100.9,100.8,100.8,4989,0
BNBG,20060511,100.9,100.9,100.6,100.9,14490,0
BNBG,20060512,100.83,100.83,100.8,100.82,4600,0
BNBG,20060515,100.89,100.89,100.85,100.89,6368,0
BNBG,20060516,100.86,100.89,100.8,100.89,1783,0
BNBG,20060517,100.89,100.95,100.8,100.95,3639,0
BNBG,20060518,100.85,100.85,100.8,100.8,350,0
BNBG,20060519,100.8,100.9,100.75,100.8,1133,0
BNBG,20060522,100.9,100.95,100.8,100.8,2253,0
BNBG,20060523,100.9,100.9,100.85,100.85,450,0
BNBG,20060524,100.9,100.95,100.9,100.95,1704,0
BNBG,20060525,100.95,100.95,100.85,100.85,711,0
BNBG,20060526,100.9,100.95,100.9,100.9,679,0
BNBG,20060529,100.85,100.95,100.6,100.6,3256,0
BNBG,20060530,100.95,100.95,100.5,100.9,1262,0
BNBG,20060531,100.99,101.01,100.95,101,8421,0
BNBG,20060601,101,101,100.98,100.98,1208,0
BNBG,20060602,100.97,100.97,100.949,100.949,3099,0
BNBG,20060605,100.88,100.99,100.85,100.85,6760,0
BNBG,20060606,100.96,100.96,100.8,100.8,4527,0
BNBG,20060607,100.8,100.96,100.8,100.8,2793,0
BNBG,20060608,100.89,100.95,100.81,100.81,2667,0
BNBG,20060609,100.85,101,100.85,101,3731,0
BNBG,20060612,101,101,101,101,0,0
BNBG,20060613,101,101,100.8,100.8,5208,0
BNBG,20060614,100.8,100.9,100.5,100.79,4158,0
BNBG,20060615,100.8,100.89,100.6,100.8,3362,0
BNBG,20060616,100.8,100.8,100.8,100.8,3297,0
BNBG,20060619,100.8,100.85,100.79,100.8,4863,0
BNBG,20060620,100.5,101,100.5,100.79,3661,0
BNBG,20060621,100.8,100.9,100.52,100.9,1550,0
BNBG,20060622,100.51,100.9,100.5,100.9,1735,0
BNBG,20060623,100.8,100.85,100.7,100.85,1445,0
BNBG,20060626,100.9,100.9,100.8,100.8,968,0
BNBG,20060627,100.9,101,100.65,100.65,2516,0
BNBG,20060628,101.1,101.1,100.6,101.05,1831,0
BNBG,20060629,101.05,101.2,101,101,2369,0
BNBG,20060630,101.2,101.2,101,101,200,0
BNBG,20060703,101,101.35,101,101.34,2174,0
BNBG,20060704,101.34,101.4,101.34,101.35,4216,0
BNBG,20060705,101.38,102,101.37,101.37,1537,0
BNBG,20060706,101.37,102,101.37,101.85,1920,0
BNBG,20060707,101.85,101.85,101.55,101.75,1003,0
BNBG,20060710,101.8,101.8,101.65,101.75,40952,0
BNBG,20060711,101.8,101.93,101.8,101.85,1893,0
BNBG,20060712,101.85,101.95,101.85,101.94,3190,0
BNBG,20060713,101.94,101.94,101.8,101.8,2303,0
BNBG,20060714,101.8,101.8,101.8,101.8,2892,0
BNBG,20060717,101.8,101.85,101.8,101.8,5200,0
BNBG,20060718,101.85,101.85,101.8,101.8,3800,0
BNBG,20060719,101.94,101.94,101.8,101.8,4467,0
BNBG,20060720,101.8,101.8,101.8,101.8,818,0
BNBG,20060721,102.2,103,102.2,102.5,2237,0
BNBG,20060724,102.5,102.5,102.5,102.5,195,0
BNBG,20060725,102.6,102.6,102,102.55,19635,0
BNBG,20060726,102.11,102.55,102.11,102.3,6053,0
BNBG,20060727,102.3,102.35,102.3,102.35,7591,0
BNBG,20060728,102.25,102.25,102,102.25,8859,0
BNBG,20060731,102.2,102.2,102,102,1000,0
BNBG,20060801,102.2,102.25,102,102.25,833,0
BNBG,20060802,102.25,102.35,102.25,102.33,4691,0
BNBG,20060803,102.36,102.5,102.36,102.45,6706,0
BNBG,20060804,102.4,102.45,102.4,102.4,5606,0
BNBG,20060807,102.4,102.59,102.4,102.59,3441,0
BNBG,20060808,102.57,102.58,102.5,102.58,1022,0
BNBG,20060809,102.58,102.6,102.53,102.6,4201,0
BNBG,20060810,102.6,102.69,102.6,102.69,13452,0
BNBG,20060811,102.69,102.7,102.65,102.65,2749,0
BNBG,20060814,102.65,102.65,102.61,102.64,1271,0
BNBG,20060815,102.65,102.75,102.64,102.72,17030,0
BNBG,20060816,102.75,102.85,102.75,102.8,1182,0
BNBG,20060817,102.75,102.8,102.75,102.79,15945,0
BNBG,20060818,102.79,102.8,102.75,102.8,2947,0
BNBG,20060821,102.7,102.85,102.7,102.85,7340,0
BNBG,20060822,102.9,103.05,102.9,103,20058,0
BNBG,20060823,103.05,103.2,102.95,102.95,8182,0
BNBG,20060824,103.19,103.19,103,103,1653,0
BNBG,20060825,103,103.09,103,103.05,3006,0
BNBG,20060828,103.09,103.09,102.95,102.95,1069,0
BNBG,20060829,102.95,102.95,102.7,102.7,7732,0
BNBG,20060830,102.79,102.79,102.78,102.79,1802,0
BNBG,20060831,102.8,103.04,102.8,103,17281,0
BNBG,20060901,102.8,102.99,102.8,102.8,2682,0
BNBG,20060904,102.6,103,102.6,103,4421,0
BNBG,20060905,103,103,103,103,6496,0
BNBG,20060906,102.9,103,102.9,103,4631,0
BNBG,20060907,103,103,102.95,102.99,3269,0
BNBG,20060908,103,103,102.99,102.99,3315,0
BNBG,20060911,102.99,103,102.9,103,6635,0
BNBG,20060912,102.99,102.99,102.99,102.99,757,0
BNBG,20060913,102.9,103,102.9,102.9,2014,0
BNBG,20060914,102.9,102.9,102.9,102.9,0,0
BNBG,20060915,102.94,103,102.94,103,11762,0
BNBG,20060918,103.05,103.25,103,103.25,1458,0
BNBG,20060919,103.25,103.3,103.11,103.28,6086,0
BNBG,20060920,103.28,103.3,103.28,103.3,513,0
BNBG,20060921,103.44,103.7,103.4,103.5,8031,0
BNBG,20060922,103.5,103.7,103.5,103.5,3620,0
BNBG,20060925,103.4,103.7,103.4,103.7,11377,0
BNBG,20060926,103.7,103.7,103.5,103.6,3628,0
BNBG,20060927,103.68,103.95,103.3,103.95,1920,0
BNBG,20060928,103.7,103.7,103.5,103.7,1216,0
BNBG,20060929,103.69,103.69,103.5,103.65,5396,0
BNBG,20061002,103.65,103.65,103.65,103.65,0,0
BNBG,20061003,103.59,103.6,103.5,103.6,3272,0
BNBG,20061004,103.6,103.65,103.5,103.5,3083,0
BNBG,20061005,103.5,103.6,103.45,103.6,2958,0
BNBG,20061006,103.6,104.2,103.6,104,3800,0
BNBG,20061009,104,104,104,104,2375,0
BNBG,20061010,104,104,103.51,103.51,1900,0
BNBG,20061011,103.52,104,103.52,103.8,3571,0
BNBG,20061012,103.99,103.99,103.4,103.4,1010,0
BNBG,20061013,103.5,103.74,103.5,103.5,4043,0
BNBG,20061016,103.499,103.75,103.499,103.75,3169,0
BNBG,20061017,103.75,103.75,103.5,103.75,3393,0
BNBG,20061018,103.55,103.8,103.55,103.7,1744,0
BNBG,20061019,103.5,103.7,103.5,103.7,1154,0
BNBG,20061020,103.9,103.9,103.6,103.7,6616,0
BNBG,20061023,103.9,103.9,103.66,103.9,1433,0
BNBG,20061024,103.67,103.95,103.67,103.95,16093,0
BNBG,20061025,103.95,104.5,103.95,104.33,2748,0
BNBG,20061026,104.33,104.33,103.74,103.81,2636,0
BNBG,20061027,103.65,103.95,103.55,103.6,9650,0
BNBG,20061030,103.9,103.9,103.5,103.6,3201,0
BNBG,20061031,101,101.3,100,100.5,7840,0
BNBG,20061101,100.3,100.5,100.3,100.5,18999,0
BNBG,20061102,100.5,100.8,100.5,100.55,4138,0
BNBG,20061103,100.75,100.8,100.7,100.8,990,0
BNBG,20061106,100.55,100.75,100.55,100.75,896,0
BNBG,20061107,100.75,100.8,100.75,100.8,2168,0
BNBG,20061108,100.8,100.95,100.8,100.95,1438,0
BNBG,20061109,100.95,100.95,100.8,100.89,1448,0
BNBG,20061110,100.85,100.85,100.75,100.8,2540,0
BNBG,20061113,100.78,100.8,100.6,100.75,6794,0
BNBG,20061114,100.75,100.9,100.62,100.85,1773,0
BNBG,20061115,100.8,100.85,100.75,100.75,7821,0
BNBG,20061116,100.8,101,100.8,100.99,17662,0
BNBG,20061117,100.99,100.99,100.82,100.9,4604,0
BNBG,20061120,100.91,101.2,100.91,101,23088,0
BNBG,20061121,100.999,101.1,100.98,100.98,10623,0
BNBG,20061122,101,101.15,100.98,101.15,7033,0
BNBG,20061123,101.1,101.2,101.1,101.2,3022,0
BNBG,20061124,101.2,101.44,101.2,101.44,5120,0
BNBG,20061127,101.65,101.7,101.25,101.5,2466,0
BNBG,20061128,101.36,102,101.36,101.95,2969,0
BNBG,20061129,101.95,102,101.61,101.8,2577,0
BNBG,20061130,101.8,102.98,101.8,102.2,3640,0
BNBG,20061201,102,102.99,102,102.4,7583,0
BNBG,20061204,102.4,102.4,102.25,102.4,11731,0
BNBG,20061205,102.4,102.8,102.251,102.8,1339,0
BNBG,20061206,103,103.25,102.4,102.51,1368,0
BNBG,20061207,102.55,102.85,102.55,102.8,5797,0
BNBG,20061208,102.8,102.8,102.6,102.67,4545,0
BNBG,20061211,102.8,102.8,102.78,102.79,710,0
BNBG,20061212,102.8,102.85,102.7,102.85,14686,0
BNBG,20061213,102.85,103,102.8,102.86,22154,0
BNBG,20061214,102.95,103,102.86,103,4547,0
BNBG,20061215,102.91,103,102.85,103,2835,0
BNBG,20061218,103,103.49,102.95,103.25,9029,0
BNBG,20061219,103.33,103.33,103.05,103.05,7408,0
BNBG,20061220,103.2,103.2,103.2,103.2,2403,0
BNBG,20061221,103.3,103.49,103.3,103.49,1162,0
BNBG,20061222,103.89,104,103.89,104,838,0
BNBG,20061225,104,104,104,104,0,0
BNBG,20061226,104,104,104,104,0,0
BNBG,20061227,104,104,104,104,819,0
BNBG,20061228,104,104.499,104,104.499,796,0
BNBG,20061229,104.499,104.499,104.499,104.499,0,0
BNBG,20070101,104.499,104.499,104.499,104.499,0,0
BNBG,20070102,104,104.1,103.9,104.1,1514,0
BNBG,20070103,103.8,104.3,103.8,104.3,1888,0
BNBG,20070104,104.4,104.4,104.3,104.3,621,0
BNBG,20070105,104.2,104.2,104,104,893,0
BNBG,20070108,103.99,103.99,103.55,103.55,300,0
BNBG,20070109,103.6,103.91,103.6,103.6,307,0
BNBG,20070110,103.8,103.8,103.6,103.75,15245,0
BNBG,20070111,103.6,103.75,103.6,103.75,911,0
BNBG,20070112,103.75,103.75,103.6,103.75,1349,0
BNBG,20070115,103.74,103.74,103.7,103.7,39474,0
BNBG,20070116,103.6,103.74,103.55,103.74,1146,0
BNBG,20070117,103.73,103.73,103.6,103.65,1276,0
BNBG,20070118,103.73,103.75,103.65,103.7,3003,0
BNBG,20070119,103.7,103.7,103.65,103.65,265,0
BNBG,20070122,103.7,103.7,103.7,103.7,877,0
BNBG,20070123,103.6,103.7,103.5,103.7,2684,0
BNBG,20070124,103.7,103.7,103.7,103.7,1015,0
BNBG,20070125,103.7,103.7,103.15,103.3,11462,0
BNBG,20070126,103.3,103.3,103.3,103.3,0,0
BNBG,20070129,103.3,103.6,103.3,103.6,3534,0
BNBG,20070130,103.6,103.7,103.45,103.45,4170,0
BNBG,20070131,103.6,103.7,103.6,103.7,5236,0
BNBG,20070201,103.7,103.7,103.6,103.61,754,0
BNBG,20070202,103.61,103.8,103.6,103.8,8286,0
BNBG,20070205,103.8,104,103.6,103.85,2911,0
BNBG,20070206,103.8,103.95,103.8,103.95,1782,0
BNBG,20070207,103.95,103.95,103.8,103.95,10365,0
BNBG,20070208,104,104.1,103.81,104.1,1581,0
BNBG,20070209,104,104.2,103.85,103.86,931,0
BNBG,20070212,103.87,104.2,103.87,104.2,809,0
BNBG,20070213,103.91,104.2,103.91,104.14,15607,0
BNBG,20070214,104.14,104.3,104,104.3,9373,0
BNBG,20070215,104.3,105,104.3,104.5,456,0
BNBG,20070216,104.5,104.5,104.5,104.5,340,0
BNBG,20070219,104.53,104.88,104.53,104.88,1110,0
BNBG,20070220,104.65,104.65,104.6,104.6,2251,0
BNBG,20070221,104.6,104.6,104.52,104.6,3020,0
BNBG,20070222,104.5,104.87,104.3,104.87,4404,0
BNBG,20070223,104.87,104.89,104,104,11921,0
BNBG,20070226,104.11,104.35,104.11,104.35,10615,0
BNBG,20070227,104.12,104.35,104.12,104.35,1329,0
BNBG,20070228,104,104.35,104,104.25,4074,0
BNBG,20070301,104.4,104.4,104.25,104.25,2390,0
BNBG,20070302,104.2,104.45,104.1,104.45,4622,0
BNBG,20070305,104.16,104.22,104.16,104.16,3406,0
BNBG,20070306,104.16,104.2,104.16,104.2,3202,0
BNBG,20070307,104.2,104.5,104.17,104.17,269,0
BNBG,20070308,104.2,104.2,104.2,104.2,95438,0
BNBG,20070309,104.4,104.5,104.4,104.5,2370,0
BNBG,20070312,104.45,104.45,104.45,104.45,495,0
BNBG,20070313,104.45,104.45,104.25,104.45,589,0
BNBG,20070314,104.26,104.45,104.26,104.26,2689,0
BNBG,20070315,104.4,104.44,104.26,104.44,1449,0
BNBG,20070316,104.44,104.45,104.31,104.31,3575,0
BNBG,20070319,104.44,104.44,104.37,104.37,959,0
BNBG,20070320,104.5,104.68,104.4,104.4,3652,0
BNBG,20070321,104.41,104.6,104.41,104.6,975,0
BNBG,20070322,104.46,104.69,104.46,104.69,2155,0
BNBG,20070323,104.48,104.69,104.48,104.69,4270,0
BNBG,20070326,104.69,104.79,104.64,104.64,2218,0
BNBG,20070327,105,105,104.56,104.75,8200,0
BNBG,20070328,105,105,105,105,588,0
BNBG,20070329,105,105.05,104.6,105.05,1387,0
BNBG,20070330,105,105.25,104.94,105.25,859,0
BNBG,20070402,104.85,106.5,104.8,105.25,2308,0
BNBG,20070403,105.1,105.15,105.1,105.1,300,0
BNBG,20070404,105.15,105.15,105.15,105.15,20,0
BNBG,20070405,105.1,105.5,105.1,105.5,583,0
BNBG,20070406,105.5,105.5,105.5,105.5,0,0
BNBG,20070409,105.5,105.5,105.5,105.5,0,0
BNBG,20070410,105.25,105.55,105.25,105.5,592,0
BNBG,20070411,105.6,105.6,105.6,105.6,100,0
BNBG,20070412,105.6,105.61,105.6,105.61,2188,0
BNBG,20070413,105.65,106,105.6,106,2812,0
BNBG,20070416,106,106,106,106,0,0
BNBG,20070417,106.2,106.2,106,106.2,31100,0
BNBG,20070418,106,106,105.85,106,2893,0
BNBG,20070419,105.9,105.92,105.9,105.92,1128,0
BNBG,20070420,105.92,106,105.9,105.9,3272,0
BNBG,20070423,105.9,106.1,105.68,105.9,887,0
BNBG,20070424,106.05,106.05,105.9,106.05,2236,0
BNBG,20070425,106.05,106.05,106.05,106.05,0,0
BNBG,20070426,106.05,106.05,105.81,105.9,670,0
BNBG,20070427,106.05,106.05,106.05,106.05,873,0
BNBG,20070430,105.9,106,105.9,106,6593,0
BNBG,20070501,102,103.5,101.9,102.88,8123,0
BNBG,20070502,102.88,103,102.88,102.95,3372,0
BNBG,20070503,103,103.25,102.5,102.5,9411,0
BNBG,20070504,102.5,102.5,102.204,102.204,2845,0
BNBG,20070507,102.2,102.38,102.2,102.38,823,0
BNBG,20070508,102.5,102.6,102.5,102.5,99487,0
BNBG,20070509,102.6,102.6,102.6,102.6,16115,0
BNBG,20070510,102.9,103.25,102.9,103.05,2859,0
BNBG,20070511,103,103.75,102.85,103.75,3393,0
BNBG,20070514,103,103.75,103,103.75,320,0
BNBG,20070515,103.5,103.75,103.5,103.5,2944,0
BNBG,20070516,103.5,103.5,102.9,103.5,2376,0
BNBG,20070517,103,103.12,103,103,1485,0
BNBG,20070518,103.05,103.05,103,103.05,2591,0
BNBG,20070521,103.06,103.48,103.05,103.2,4045,0
BNBG,20070522,103.25,103.49,103.25,103.4,1954,0
BNBG,20070523,103.2,103.4,103.15,103.2,3857,0
BNBG,20070524,103.3,103.3,103.2,103.3,29909,0
BNBG,20070525,103.16,103.4,103.16,103.4,4108,0
BNBG,20070528,103.3,103.45,103.3,103.45,1939,0
BNBG,20070529,103.28,103.45,103.25,103.45,3041,0
BNBG,20070530,103.45,103.45,103.4,103.45,3730,0
BNBG,20070531,103.16,103.45,103.16,103.45,949,0
BNBG,20070601,103.3,103.44,103.3,103.44,2513,0
BNBG,20070604,103.16,103.44,103.15,103.151,1279,0
BNBG,20070605,103.151,103.2,103.151,103.2,3515,0
BNBG,20070606,103.07,103.2,103.02,103.02,5153,0
BNBG,20070607,103,103,102.9,103,8192,0
BNBG,20070608,102.9,103.2,102.75,102.75,4150,0
BNBG,20070611,102.75,102.75,102.75,102.75,0,0
BNBG,20070612,102.755,103.18,102.755,102.755,2879,0
BNBG,20070613,102.8,103,102.7,102.7,8690,0
BNBG,20070614,103,103,102.8,102.85,3279,0
BNBG,20070615,102.85,103,102.7,103,1572,0
BNBG,20070618,102.8,103.25,102.8,103.25,2277,0
BNBG,20070619,103,103.24,102.8,103.24,1781,0
BNBG,20070620,102.8,103.44,102.8,103.3,1939,0
BNBG,20070621,103.1,103.1,102.73,102.73,2100,0
BNBG,20070622,102.9,102.9,102.6,102.6,2026,0
BNBG,20070625,102.6,102.6,102.5,102.51,1257,0
BNBG,20070626,102.51,102.6,102.51,102.6,941,0
BNBG,20070627,102.6,102.6,102.51,102.6,1804,0
BNBG,20070628,103,103,102.65,103,1184,0
BNBG,20070629,103,103.39,102.61,103.23,2026,0
BNBG,20070702,103.23,103.4,103.23,103.4,3258,0
BNBG,20070703,103,103.4,102.85,103.4,62270,0
BNBG,20070704,103,103.42,103,103.2,3919,0
BNBG,20070705,103.2,103.35,103,103,1785,0
BNBG,20070706,103,103.15,102.803,103.15,4060,0
BNBG,20070709,102.85,103.25,102.85,103.25,2308,0
BNBG,20070710,103.25,104.44,103.25,103.3,5406,0
BNBG,20070711,103.3,104.23,103.3,104.23,3358,0
BNBG,20070712,104.23,104.23,103.8,104.21,6210,0
BNBG,20070713,104.21,104.21,104,104,2299,0
BNBG,20070716,103.8,103.8,103.8,103.8,2420,0
BNBG,20070717,103.8,104.15,103.6,103.6,3676,0
BNBG,20070718,104.19,104.19,103.8,103.8,2059,0
BNBG,20070719,103.8,103.8,103.501,103.75,1790,0
BNBG,20070720,103.75,103.75,103.5,103.65,13488,0
BNBG,20070723,103.5,103.8,103.5,103.8,11686,0
BNBG,20070724,103.5,103.8,103.5,103.7,1103,0
BNBG,20070725,103.8,103.85,103.3,103.85,6352,0
BNBG,20070726,103.7,103.7,103.4,103.69,1617,0
BNBG,20070727,103.69,103.89,103.69,103.69,5897,0
BNBG,20070730,103,103,102.61,102.61,5932,0
BNBG,20070731,102.75,102.75,102.6,102.65,1722,0
BNBG,20070801,102.6,102.6,101,101.94,12303,0
BNBG,20070802,101.92,102.2,101.25,102.2,3722,0
BNBG,20070803,101.9,101.9,101.21,101.21,3679,0
BNBG,20070806,101,101.2,100.05,100.99,24980,0
BNBG,20070807,100.99,101.99,100.99,101.151,3933,0
BNBG,20070808,101.16,101.99,101.16,101.61,930,0
BNBG,20070809,101.65,102.2,101.65,102,2271,0
BNBG,20070810,102.2,102.2,101.7,102,6713,0
BNBG,20070813,102,102,101.81,101.81,4773,0
BNBG,20070814,101.95,102,101.6,101.6,6706,0
BNBG,20070815,101.6,102,101.6,101.9,5051,0
BNBG,20070816,101.7,101.9,100.05,100.05,5689,0
BNBG,20070817,101,101,99,99,4609,0
BNBG,20070820,100.1,100.1,99.11,99.11,1313,0
BNBG,20070821,100.1,100.5,100,100.2,3083,0
BNBG,20070822,100,100,99.85,100,4108,0
BNBG,20070823,100,100.299,99.91,100.2,16415,0
BNBG,20070824,100.2,100.2,100.05,100.1,18923,0
BNBG,20070827,100.1,100.3,99.9,100,5091,0
BNBG,20070828,100.1,100.3,100.05,100.2,5156,0
BNBG,20070829,100.2,100.3,99.9,100.2,4530,0
BNBG,20070830,100.2,100.3,100.2,100.3,3669,0
BNBG,20070831,100.2,100.8,100.2,100.3,8727,0
BNBG,20070903,100.3,100.3,100.3,100.3,728,0
BNBG,20070904,100.5,100.8,100.5,100.8,2552,0
BNBG,20070905,100.75,100.75,100.61,100.61,9455,0
BNBG,20070906,100.7,100.75,100.5,100.75,5276,0
BNBG,20070907,100.7,100.75,100.7,100.7,1834,0
BNBG,20070910,100.54,100.54,100.5,100.54,1510,0
BNBG,20070911,100.75,101.249,100.75,101.249,2589,0
BNBG,20070912,100.5,101,100.5,101,3323,0
BNBG,20070913,100.99,101,100.7,101,4826,0
BNBG,20070914,101,101.25,100.5,101.25,84248,0
BNBG,20070917,101.25,101.25,100.8,100.8,5274,0
BNBG,20070918,100.8,100.8,100.51,100.75,2538,0
BNBG,20070919,101,101.2,101,101.2,5865,0
BNBG,20070920,101.2,101.5,101.2,101.3,3008,0
BNBG,20070921,101.4,102.5,101.3,102.5,1264,0
BNBG,20070924,101.651,102.499,101.65,102.499,1430,0
BNBG,20070925,101.651,102.99,101.65,102.99,5652,0
BNBG,20070926,102.99,102.99,102.99,102.99,0,0
BNBG,20070927,103,103,102.25,102.27,3513,0
BNBG,20070928,102.51,103.39,102.5,103.39,859,0
BNBG,20071001,102.28,102.28,102.27,102.27,460,0
BNBG,20071002,103.35,103.4,102.8,102.8,1033,0
BNBG,20071003,103.1,103.4,103.1,103.1,1311,0
BNBG,20071004,103,103,102.451,102.55,2737,0
BNBG,20071005,102.51,102.9,102.51,102.85,310,0
BNBG,20071008,102.85,103.4,102.75,102.85,963,0
BNBG,20071009,103.1,103.4,103,103,287,0
BNBG,20071010,103.5,103.99,103.5,103.99,740,0
BNBG,20071011,103.6,103.75,103.6,103.75,683,0
BNBG,20071012,103.75,104.79,103.65,104.79,2675,0
BNBG,20071015,104.5,104.7,104.02,104.7,1824,0
BNBG,20071016,104.25,104.3,104,104,2072,0
BNBG,20071017,104,104.15,104,104,994,0
BNBG,20071018,103.8,103.9,103.8,103.9,683,0
BNBG,20071019,103.9,104.1,103.9,104.1,737,0
BNBG,20071022,103.85,104,103.75,103.85,2147,0
BNBG,20071023,103.8,103.85,103.8,103.8,2143,0
BNBG,20071024,103.8,104.15,103.8,103.85,5608,0
BNBG,20071025,103.9,104.25,103.9,104.1,2429,0
BNBG,20071026,104.699,104.699,104,104,2141,0
BNBG,20071029,104.25,104.25,103.9,103.92,4980,0
BNBG,20071030,104,104.35,103.97,104.35,4528,0
BNBG,20071031,101,101.3,100.99,101.2,4383,0
BNBG,20071101,101.25,101.4,101.25,101.4,895,0
BNBG,20071102,101.4,102,101.4,101.6,2996,0
BNBG,20071105,101.6,102,101.6,102,3055,0
BNBG,20071106,102,102,102,102,0,0
BNBG,20071107,103,103,101.5,102.1,7663,0
BNBG,20071108,101.95,102,101.89,101.95,2725,0
BNBG,20071109,101.95,101.95,101.8,101.92,4343,0
BNBG,20071112,101.9,101.9,101.55,101.55,1224,0
BNBG,20071113,101.75,101.9,101.55,101.55,1059,0
BNBG,20071114,101.5,101.5,99,99.2,17286,0
BNBG,20071115,99.4,99.4,98,98.48,10764,0
BNBG,20071116,98.48,99,97.4,97.4,6341,0
BNBG,20071119,97.9,98.5,97.8,98.5,5332,0
BNBG,20071120,98.6,98.6,97.6,97.6,6293,0
BNBG,20071121,98.001,98.1,97.6,97.9,22429,0
BNBG,20071122,97.8,97.95,97.56,97.95,3366,0
BNBG,20071123,97.51,99.55,97.5,99.55,4065,0
BNBG,20071126,99.6,99.75,99.45,99.5,1700,0
BNBG,20071127,99.449,99.68,99.1,99.68,1159,0
BNBG,20071128,99.7,99.7,99.31,99.5,3948,0
BNBG,20071129,99.5,99.58,99.45,99.58,4359,0
BNBG,20071130,99.5,99.6,99.45,99.6,3785,0
BNBG,20071203,99.6,99.7,99.4,99.6,2615,0
BNBG,20071204,99.601,100,99.6,100,4713,0
BNBG,20071205,100,100,99.55,99.55,1368,0
BNBG,20071206,99.52,99.989,99.52,99.52,1083,0
BNBG,20071207,99.52,99.9,99.5,99.85,23368,0
BNBG,20071210,99.56,100,99.55,99.84,20708,0
BNBG,20071211,99.55,99.9,99.55,99.9,2868,0
BNBG,20071212,99.899,99.9,99.8,99.8,2584,0
BNBG,20071213,99.8,100,99.8,99.85,3516,0
BNBG,20071214,99.51,99.95,99.4,99.4,5322,0
BNBG,20071217,99.6,99.6,99,99,2275,0
BNBG,20071218,99.5,99.5,97.01,98.5,3860,0
BNBG,20071219,98.5,98.5,98,98,1499,0
BNBG,20071220,98,99,97.5,99,3754,0
BNBG,20071221,98.989,98.989,97.011,97.011,1455,0
BNBG,20071224,97.05,97.06,97.01,97.01,1499,0
BNBG,20071225,97.01,97.01,97.01,97.01,0,0
BNBG,20071226,97.01,97.01,97.01,97.01,0,0
BNBG,20071227,97.01,97.05,97.01,97.05,909,0
BNBG,20071228,97.05,98.5,97.05,98.5,1153,0
BNBG,20071231,98,98.48,98,98,2034,0
BNBG,20080101,98,98,98,98,0,0
BNBG,20080102,97.5,97.5,97,97,1130,0
BNBG,20080103,96.97,97.5,96.001,97,1227,0
BNBG,20080104,97,97,96.001,97,619,0
BNBG,20080107,97,97.4,96.15,96.15,559,0
BNBG,20080108,97.4,98.6,97.4,98,3262,0
BNBG,20080109,98,98,97.5,98,442,0
BNBG,20080110,97,97.5,97,97.5,839,0
BNBG,20080111,96.4,97.9,96.15,97,7809,0
BNBG,20080114,96.353,97.5,96.353,97,1657,0
BNBG,20080115,97,97,96.35,96.5,4667,0
BNBG,20080116,96.99,96.99,96.5,96.5,5375,0
BNBG,20080117,96.47,96.48,96,96,3231,0
BNBG,20080118,95.3,96,95.3,95.65,2577,0
BNBG,20080121,95.3,95.3,94.5,94.5,1966,0
BNBG,20080122,91,91,85,85,1940,0
BNBG,20080123,89,89,87.9,87.98,1339,0
BNBG,20080124,86,89.1,86,88.75,30195,0
BNBG,20080125,89.5,89.5,88.75,89.06,4827,0
BNBG,20080128,89.06,89.06,89.06,89.06,0,0
BNBG,20080129,89.5,94.19,89.5,89.5,1890,0
BNBG,20080130,90,92.5,90,90,2248,0
BNBG,20080131,90,90,89.999,89.999,17590,0
BNBG,20080201,89.99,90,89.1,90,2123,0
BNBG,20080204,90,90.25,89,90,2127,0
BNBG,20080205,89.5,89.5,89.5,89.5,31,0
BNBG,20080206,88.95,89,86.53,88,1438,0
BNBG,20080207,87.2,88,87,88,704,0
BNBG,20080208,87,88.5,87,88,287,0
BNBG,20080211,88,88,86,86.5,2039,0
BNBG,20080212,86.5,86.5,85.1,86,3020,0
BNBG,20080213,86,86.5,85.5,85.51,2573,0
BNBG,20080214,85.5,85.5,84.5,84.75,2969,0
BNBG,20080215,83.9,84,83.5,83.7,1867,0
BNBG,20080218,83.3,83.3,80.5,80.5,1965,0
BNBG,20080219,81,81,79,79,405,0
BNBG,20080220,79.1,79.1,77,77,2724,0
BNBG,20080221,77,80.8,73,73.02,5057,0
BNBG,20080222,78,78,75,76.73,2762,0
BNBG,20080225,77.6,78,77,77,2939,0
BNBG,20080226,77.01,77.5,74,74,6187,0
BNBG,20080227,75,75.7,74,74.9,3268,0
BNBG,20080228,74.9,75,74,74,10430,0
BNBG,20080229,74.8,74.8,74.19,74.2,2082,0
BNBG,20080303,73.6,73.75,71,71,5837,0
BNBG,20080304,71,71,66,67.7,7150,0
BNBG,20080305,66.15,66.15,63.2,63.3,4854,0
BNBG,20080306,62.93,62.93,51.05,57.98,90539,0
BNBG,20080307,56,66.2,56,66.2,13976,0
BNBG,20080310,66.25,70,66.25,69.5,6445,0
BNBG,20080311,69.2,69.8,67,67,4851,0
BNBG,20080312,68,73,68,70.2,10915,0
BNBG,20080313,71,72.75,70,70.5,8587,0
BNBG,20080314,71,73,71,72.5,6695,0
BNBG,20080317,71.5,71.5,67,67,6835,0
BNBG,20080318,66,67.9,65.11,67.22,1417,0
BNBG,20080319,67.69,71.25,67.51,67.51,3147,0
BNBG,20080320,67.05,67.1,66.99,67,2014,0
BNBG,20080321,67,67,67,67,0,0
BNBG,20080324,67,67,67,67,0,0
BNBG,20080325,68.5,69.5,68.5,69,17043,0
BNBG,20080326,69,69.5,67,69,8995,0
BNBG,20080327,69,70.1,68.5,68.6,76766,0
BNBG,20080328,68.7,68.7,68.5,68.5,2200,0
BNBG,20080331,70,71,70,71,3375,0
BNBG,20080401,71.5,71.5,70.61,71,8100,0
BNBG,20080402,71.5,74,71.5,74,9830,0
BNBG,20080403,72.3,73.5,72.3,73.5,16175,0
BNBG,20080404,73.7,73.7,72.75,73,5080,0
BNBG,20080407,73.59,74.5,73.59,74,9044,0
BNBG,20080408,75,78,74.25,77,5713,0
BNBG,20080409,77.5,80,77.5,80,4512,0
BNBG,20080410,80,80.3,79,79,1620,0
BNBG,20080411,82,82,80,80,1793,0
BNBG,20080414,80,80,79,79.1,2153,0
BNBG,20080415,79.1,79.1,78,78.05,1670,0
BNBG,20080416,78.06,80.9,78.06,80.9,395,0
BNBG,20080417,81.11,81.99,81.1,81.1,754,0
BNBG,20080418,81.01,81.6,80.61,81.6,1608,0
BNBG,20080421,81.6,81.6,81.1,81.1,2014,0
BNBG,20080422,81.1,81.75,81.1,81.1,1075,0
BNBG,20080423,81.1,81.1,81,81,540,0
BNBG,20080424,81,81.5,80.9,81.5,1171,0
BNBG,20080425,81.5,81.5,81.5,81.5,0,0
BNBG,20080428,82,82.25,81.5,81.5,2470,0
BNBG,20080429,82,82.29,82,82,2327,0
BNBG,20080430,82,84,82,83,25143,0
BNBG,20080501,83,84.59,83,84,5010,0
BNBG,20080502,81,82.5,79.78,80,11248,0
BNBG,20080505,80,80,79.85,80,10843,0
BNBG,20080506,80.5,80.5,79.97,79.97,11895,0
BNBG,20080507,80,80.5,79.97,80.02,4782,0
BNBG,20080508,81,81,80,80.5,2245,0
BNBG,20080509,80.5,81,80.5,81,1059,0
BNBG,20080512,80.99,81,80.5,81,5929,0
BNBG,20080513,81.5,81.5,81,81,9291,0
BNBG,20080514,81,81.5,81,81,3700,0
BNBG,20080515,81,81,80.3,80.3,1980,0
BNBG,20080516,80.989,81,80.5,81,2859,0
BNBG,20080519,81,81.49,80.75,81.49,1515,0
BNBG,20080520,81.5,83,81.101,83,4776,0
BNBG,20080521,81.5,82,81.5,82,372,0
BNBG,20080522,82,82.95,81.6,81.6,3631,0
BNBG,20080523,81,81.01,77.6,77.6,18819,0
BNBG,20080526,77.02,77.5,73,75,7427,0
BNBG,20080527,75,78,75,77,4360,0
BNBG,20080528,76.8,77,76.7,76.75,7319,0
BNBG,20080529,77,77,76.8,77,11061,0
BNBG,20080530,76.98,76.98,76,76.5,7967,0
BNBG,20080602,76.5,76.98,75.5,75.7,2023,0
BNBG,20080603,75.5,75.5,74,74,4132,0
BNBG,20080604,75,76.5,74.5,75.5,4154,0
BNBG,20080605,75.5,75.5,74.5,74.5,2410,0
BNBG,20080606,74.501,75,74,74.75,1998,0
BNBG,20080609,74.75,74.75,74.75,74.75,0,0
BNBG,20080610,74,74,72.4,72.6,5323,0
BNBG,20080611,72,72,68,69.3,9420,0
BNBG,20080612,66.5,66.5,55,55.8,18544,0
BNBG,20080613,49.99,49.99,37.8,40,42729,0
BNBG,20080616,38.5,40,35.6,40,128651,0
BNBG,20080617,47.16,52,42,51.3,58204,0
BNBG,20080618,51.35,62.003,51.35,60.5,35305,0
BNBG,20080619,61,63,61,62,48568,0
BNBG,20080620,62,62.799,62,62,40524,0
BNBG,20080623,61.7,62.5,61.7,62,23396,0
BNBG,20080624,62,64,62,62.1,10077,0
BNBG,20080625,63,63,62,63,4506,0
BNBG,20080626,63.5,63.5,62.1,62.1,672,0
BNBG,20080627,60,63.2,60,63.2,8867,0
BNBG,20080630,65,69.84,65,66.1,8271,0
BNBG,20080701,66.05,66.05,63,65,2302,0
BNBG,20080702,64.9,64.9,64,64,706,0
BNBG,20080703,63.1,64.9,62.9,63.99,10949,0
BNBG,20080704,64,64.5,63.8,64,1920,0
BNBG,20080707,64.25,64.5,63.55,63.55,139133,0
BNBG,20080708,63.8,64.5,63.5,64.5,7449,0
BNBG,20080709,64.5,64.6,64,64,1059,0
BNBG,20080710,64,64,63.5,64,4256,0
BNBG,20080711,63.5,63.5,63,63.5,1166,0
BNBG,20080714,63.5,64,63.5,64,3025,0
BNBG,20080715,64.1,65.4,64,64.6,2902,0
BNBG,20080716,64.1,64.5,64,64,4200,0
BNBG,20080717,64.9,65.2,64.3,65,7494,0
BNBG,20080718,65,66,65,66,7336,0
BNBG,20080721,66,66,65.5,66,5586,0
BNBG,20080722,66,67,65.5,66,1475,0
BNBG,20080723,65.2,66.5,65,66.5,593,0
BNBG,20080724,66.5,67,66,67,1712,0
BNBG,20080725,67,67,66.5,66.5,1342,0
BNBG,20080728,67,67,67,67,1675,0
BNBG,20080729,67,67,66.5,67,984,0
BNBG,20080730,66.5,69.2,66.5,68,1285,0
BNBG,20080731,68,68,66.5,68,1550,0
BNBG,20080801,68,68.5,68,68.497,361,0
BNBG,20080804,68.75,70.3,68.75,70,375,0
BNBG,20080805,70,70.1,69,69,7717,0
BNBG,20080806,70,70,66.7,69.95,2417,0
BNBG,20080807,70,70,67.6,68,760,0
BNBG,20080808,68,69,68,69,950,0
BNBG,20080811,67.95,67.95,65,65.1,3546,0
BNBG,20080812,65.5,66,64.5,66,34443,0
BNBG,20080813,65,65.5,64.9,65,60041,0
BNBG,20080814,64.8,65,64.8,65,156988,0
BNBG,20080815,64.5,65.5,64.5,64.99,164930,0
BNBG,20080818,62.5,62.5,48.5,57,14135,0
BNBG,20080819,56.5,58,55,55,198204,0
BNBG,20080820,55,55,55,55,0,0
BNBG,20080821,48.5,48.5,39.7,42,60584,0
BNBG,20080822,41.5,42,37.99,40,10703,0
BNBG,20080825,39.8,40,35,36.6,4612,0
BNBG,20080826,36.5,36.6,36,36.5,14660,0
BNBG,20080827,36.5,39,35,39,6720,0
BNBG,20080828,39,39.5,38,39,8038,0
BNBG,20080829,39,39.5,39,39.5,4210,0
BNBG,20080901,39.5,39.5,38.99,39,3247,0
BNBG,20080902,39.85,40,38,38,24176,0
BNBG,20080903,37,37.5,35.5,37,5998,0
BNBG,20080904,36.4,38,36,38,78370,0
BNBG,20080905,37.5,38,36,36,4493,0
BNBG,20080908,37,39.9,37,39.5,6938,0
BNBG,20080909,37.8,38.79,36.4,36.6,4110,0
BNBG,20080910,36.6,36.6,35,35.3,8268,0
BNBG,20080911,35.01,35.01,34.5,34.74,7555,0
BNBG,20080912,34.2,34.2,30,32,9849,0
BNBG,20080915,30.99,30.99,24,25,13172,0
BNBG,20080916,23.01,23.01,10,15,40750,0
BNBG,20080917,15.001,15.8,13.8,14.5,47485,0
BNBG,20080918,12,14,11.5,14,66760,0
BNBG,20080919,14,17,14,16.5,17454,0
BNBG,20080922,19.511,25,19.511,24,20803,0
BNBG,20080923,23.4,23.5,22.5,23,7474,0
BNBG,20080924,22,25,22,25,23693,0
BNBG,20080925,25,34,24,32,11725,0
BNBG,20080926,35,37.9,35,36,4761,0
BNBG,20080929,36.5,37.5,36.2,36.2,3332,0
BNBG,20080930,30,32,26,32,2133,0
BNBG,20081001,35,35,33.49,33.49,1002,0
BNBG,20081002,32.98,35.25,32.98,33.99,3635,0
BNBG,20081003,32.5,32.5,30,30.05,3394,0
BNBG,20081006,31,31,28.3,28.3,1374,0
BNBG,20081007,27.99,28,24,24,4146,0
BNBG,20081008,24,24.5,20,22,7160,0
BNBG,20081009,22.05,24,22,22.02,2480,0
BNBG,20081010,21.93,21.93,18.5,20.1,4890,0
BNBG,20081013,24,29.5,22,24,3170,0
BNBG,20081014,26.65,29.5,26.65,27,7791,0
BNBG,20081015,25.5,25.5,23.5,24.01,1626,0
BNBG,20081016,22,23,22,23,1313,0
BNBG,20081017,24,24,20.5,20.5,2685,0
BNBG,20081020,22,22.1,21.2,22,2969,0
BNBG,20081021,22,22.5,22,22,1856,0
BNBG,20081022,21.5,22,21.5,22,1302,0
BNBG,20081023,21.45,22.8,21.2,21.5,3669,0
BNBG,20081024,22,22,21,21,3175,0
BNBG,20081027,20.93,21.75,20.7,20.901,6039,0
BNBG,20081028,21.59,21.59,20,20.2,4993,0
BNBG,20081029,21.49,22,21,21.2,1407,0
BNBG,20081030,21.79,22,21,21.2,1525,0
BNBG,20081031,21.22,22.01,21,22.01,4572,0
BNBG,20081103,20,22,19.05,19.05,635,0
BNBG,20081104,18.51,19,18,18,1583,0
BNBG,20081105,18.49,18.49,15.5,15.5,4181,0
BNBG,20081106,15,15,12.5,12.5,17681,0
BNBG,20081107,12.5,13,12,12.5,12579,0
BNBG,20081110,12.05,12.5,9.5,9.5,20910,0
BNBG,20081111,9,9,6.79,7.11,14680,0
BNBG,20081112,8,8.01,7,7.5,18521,0
BNBG,20081113,6.99,7,5.51,5.7,21081,0
BNBG,20081114,5.7,5.8,4.2,5,11700,0
BNBG,20081117,5.5,6,5.2,5.3,9003,0
BNBG,20081118,5.3,5.3,4.9,4.95,17103,0
BNBG,20081119,5,5.5,4.6,5.5,10932,0
BNBG,20081120,5.5,5.5,5.5,5.5,0,0
BNBG,20081121,5.5,5.5,5.5,5.5,0,0
BNBG,20081124,5.5,5.5,5.5,5.5,0,0
BNBG,20081125,5.5,5.5,5.5,5.5,0,0
BNBG,20081126,5.5,5.5,5.5,5.5,0,0
BNBG,20081127,5.5,5.5,5.5,5.5,0,0
BNBG,20081128,5.5,5.5,5.5,5.5,0,0
BNBG,20081201,5.5,5.5,5.5,5.5,0,0
BNBG,20081202,5.5,5.5,5.5,5.5,0,0
BNBG,20081203,5.5,5.5,5.5,5.5,0,0
BNBG,20081204,4,7.03,4,4,28079,0
BNBG,20081205,4,4.2,3.8,3.81,20444,0
BNBG,20081208,4,4,3.2,3.2,21664,0
BNBG,20081209,3.2,3.2,2.5,2.5,12873,0
BNBG,20081210,2.45,2.5,1.99,2.5,21966,0
BNBG,20081211,2.5,3.01,2.2,3.01,12265,0
BNBG,20081212,3.01,3.02,3.01,3.01,13044,0
BNBG,20081215,3.1,3.1,2.6,2.6,5431,0
BNBG,20081216,2.75,2.75,2.4,2.5,14706,0
BNBG,20081217,2.45,2.45,2.4,2.4,1720,0
BNBG,20081218,2.26,2.5,2.2,2.2,7882,0
BNBG,20081219,2.2,2.3,2.15,2.2,6485,0
BNBG,20081222,2.18,2.2,2.16,2.16,4200,0
BNBG,20081223,2.15,2.35,2.11,2.11,2933,0
BNBG,20081224,2.15,2.3,2.11,2.11,1342,0
BNBG,20081225,2.11,2.11,2.11,2.11,0,0
BNBG,20081226,2.11,2.11,2.11,2.11,0,0
BNBG,20081229,2.2,2.6,2.2,2.5,4770,0
BNBG,20081230,2.5,2.6,2.5,2.6,2273,0
BNBG,20081231,2.7,3.3,2.7,2.9,5217,0
BNBG,20090101,2.9,2.9,2.9,2.9,0,0
BNBG,20090102,3.2,3.3,3.1,3.3,4045,0
BNBG,20090105,3.3,3.51,3.3,3.5,6415,0
BNBG,20090106,3.5,4.5,3.5,4.5,12197,0
BNBG,20090107,4.55,5.1,4.55,4.99,17355,0
