HYD,20010511,2.98911564625850455,2.98911564625850455,2.75918367346938882,2.93163265306122562,2200,0
HYD,20010514,2.75918367346938882,2.75918367346938882,2.75918367346938882,2.75918367346938882,110,0
HYD,20010515,2.75918367346938882,2.75918367346938882,2.75918367346938882,2.75918367346938882,0,0
HYD,20010516,2.75918367346938882,2.75918367346938882,2.75918367346938882,2.75918367346938882,0,0
HYD,20010517,2.75918367346938882,2.75918367346938882,2.75918367346938882,2.75918367346938882,0,0
HYD,20010518,2.75918367346938882,2.75918367346938882,2.75918367346938882,2.75918367346938882,0,0
HYD,20010521,2.75918367346938882,2.75918367346938882,2.75918367346938882,2.75918367346938882,0,0
HYD,20010522,2.75918367346938882,2.75918367346938882,2.75918367346938882,2.75918367346938882,0,0
HYD,20010523,2.75918367346938882,2.75918367346938882,2.75918367346938882,2.75918367346938882,0,0
HYD,20010524,2.75918367346938882,2.75918367346938882,2.75918367346938882,2.75918367346938882,0,0
HYD,20010525,2.75918367346938882,2.75918367346938882,2.75918367346938882,2.75918367346938882,0,0
HYD,20010528,2.70170068027210988,2.70170068027210988,2.70170068027210988,2.70170068027210988,106.4,0
HYD,20010529,2.70170068027210988,2.70170068027210988,2.70170068027210988,2.70170068027210988,0,0
HYD,20010530,2.70170068027210988,2.70170068027210988,2.70170068027210988,2.70170068027210988,0,0
HYD,20010531,2.70170068027210988,2.70170068027210988,2.70170068027210988,2.70170068027210988,0,0
HYD,20010601,2.70170068027210988,2.70170068027210988,2.70170068027210988,2.70170068027210988,0,0
HYD,20010604,2.70170068027210988,2.70170068027210988,2.70170068027210988,2.70170068027210988,0,0
HYD,20010605,2.70170068027210988,2.70170068027210988,2.70170068027210988,2.70170068027210988,0,0
HYD,20010606,1.14965986394557867,2.64421768707483095,1.14965986394557867,2.64421768707483095,500,0
HYD,20010607,2.64421768707483095,2.64421768707483095,2.64421768707483095,2.64421768707483095,0,0
HYD,20010608,2.64421768707483095,2.64421768707483095,2.64421768707483095,2.64421768707483095,0,0
HYD,20010611,2.64421768707483095,2.64421768707483095,2.64421768707483095,2.64421768707483095,0,0
HYD,20010612,2.64421768707483095,2.64421768707483095,2.64421768707483095,2.64421768707483095,0,0
HYD,20010613,2.64421768707483095,2.64421768707483095,2.64421768707483095,2.64421768707483095,0,0
HYD,20010614,1.32210884353741547,1.32210884353741547,1.32210884353741547,1.32210884353741547,400,0
HYD,20010615,1.60952380952381014,1.60952380952381014,1.60952380952381014,1.60952380952381014,500,0
HYD,20010618,1.60952380952381014,1.60952380952381014,1.60952380952381014,1.60952380952381014,0,0
HYD,20010619,1.60952380952381014,1.60952380952381014,1.60952380952381014,1.60952380952381014,0,0
HYD,20010620,1.60952380952381014,1.60952380952381014,1.60952380952381014,1.60952380952381014,0,0
HYD,20010621,1.60952380952381014,1.60952380952381014,1.60952380952381014,1.60952380952381014,0,0
HYD,20010622,1.60952380952381014,1.60952380952381014,1.60952380952381014,1.60952380952381014,0,0
HYD,20010625,1.60952380952381014,1.60952380952381014,1.60952380952381014,1.60952380952381014,0,0
HYD,20010626,1.60952380952381014,1.60952380952381014,1.60952380952381014,1.60952380952381014,0,0
HYD,20010627,1.43707482993197334,1.43707482993197334,1.43707482993197334,1.43707482993197334,800,0
HYD,20010628,1.43707482993197334,1.43707482993197334,1.43707482993197334,1.43707482993197334,400,0
HYD,20010629,1.49455782312925228,1.49455782312925228,1.49455782312925228,1.49455782312925228,600,0
HYD,20010702,1.49455782312925228,1.49455782312925228,1.49455782312925228,1.49455782312925228,0,0
HYD,20010703,1.49455782312925228,1.49455782312925228,1.49455782312925228,1.49455782312925228,0,0
HYD,20010704,1.49455782312925228,1.49455782312925228,1.49455782312925228,1.49455782312925228,0,0
HYD,20010705,1.49455782312925228,1.49455782312925228,1.49455782312925228,1.49455782312925228,0,0
HYD,20010706,1.49455782312925228,1.49455782312925228,1.49455782312925228,1.49455782312925228,0,0
HYD,20010709,1.49455782312925228,1.49455782312925228,1.49455782312925228,1.49455782312925228,0,0
HYD,20010710,1.49455782312925228,1.49455782312925228,1.49455782312925228,1.49455782312925228,0,0
HYD,20010711,1.49455782312925228,1.49455782312925228,1.49455782312925228,1.49455782312925228,0,0
HYD,20010712,1.49455782312925228,1.49455782312925228,1.49455782312925228,1.49455782312925228,0,0
HYD,20010713,1.49455782312925228,1.49455782312925228,1.49455782312925228,1.49455782312925228,0,0
HYD,20010716,1.49455782312925228,1.49455782312925228,1.49455782312925228,1.49455782312925228,0,0
HYD,20010717,1.49455782312925228,1.49455782312925228,1.49455782312925228,1.49455782312925228,0,0
HYD,20010718,1.49455782312925228,1.49455782312925228,1.49455782312925228,1.49455782312925228,0,0
HYD,20010719,1.49455782312925228,1.49455782312925228,1.49455782312925228,1.49455782312925228,0,0
HYD,20010720,1.49455782312925228,1.49455782312925228,1.49455782312925228,1.49455782312925228,0,0
HYD,20010723,1.49455782312925228,1.49455782312925228,1.49455782312925228,1.49455782312925228,0,0
HYD,20010724,1.49455782312925228,1.49455782312925228,1.49455782312925228,1.49455782312925228,0,0
HYD,20010725,1.49455782312925228,1.49455782312925228,1.49455782312925228,1.49455782312925228,0,0
HYD,20010726,1.49455782312925228,1.49455782312925228,1.49455782312925228,1.49455782312925228,0,0
HYD,20010727,1.49455782312925228,1.49455782312925228,1.49455782312925228,1.49455782312925228,0,0
HYD,20010730,1.49455782312925228,1.49455782312925228,1.49455782312925228,1.49455782312925228,400,0
HYD,20010731,1.49455782312925228,1.49455782312925228,1.49455782312925228,1.49455782312925228,0,0
HYD,20010801,1.49455782312925228,1.49455782312925228,1.49455782312925228,1.49455782312925228,0,0
HYD,20010802,1.49455782312925228,1.49455782312925228,1.49455782312925228,1.49455782312925228,0,0
HYD,20010803,1.49455782312925228,1.49455782312925228,1.49455782312925228,1.49455782312925228,0,0
HYD,20010806,1.49455782312925228,1.49455782312925228,1.49455782312925228,1.49455782312925228,0,0
HYD,20010807,1.49455782312925228,1.49455782312925228,1.49455782312925228,1.49455782312925228,0,0
HYD,20010808,1.49455782312925228,1.49455782312925228,1.49455782312925228,1.49455782312925228,0,0
HYD,20010809,1.49455782312925228,1.49455782312925228,1.49455782312925228,1.49455782312925228,0,0
HYD,20010810,1.49455782312925228,1.49455782312925228,1.49455782312925228,1.49455782312925228,0,0
HYD,20010813,1.49455782312925228,1.49455782312925228,1.49455782312925228,1.49455782312925228,0,0
HYD,20010814,1.49455782312925228,1.49455782312925228,1.49455782312925228,1.49455782312925228,0,0
HYD,20010815,1.49455782312925228,1.49455782312925228,1.49455782312925228,1.49455782312925228,0,0
HYD,20010816,1.49455782312925228,1.49455782312925228,1.49455782312925228,1.49455782312925228,0,0
HYD,20010817,1.49455782312925228,1.49455782312925228,1.49455782312925228,1.49455782312925228,0,0
HYD,20010820,1.49455782312925228,1.49455782312925228,1.49455782312925228,1.49455782312925228,0,0
HYD,20010821,1.49455782312925228,1.49455782312925228,1.49455782312925228,1.49455782312925228,0,0
HYD,20010822,1.49455782312925228,1.49455782312925228,1.49455782312925228,1.49455782312925228,0,0
HYD,20010823,1.49455782312925228,1.49455782312925228,1.49455782312925228,1.49455782312925228,0,0
HYD,20010824,1.49455782312925228,1.49455782312925228,1.49455782312925228,1.49455782312925228,0,0
HYD,20010827,1.49455782312925228,1.49455782312925228,1.49455782312925228,1.49455782312925228,0,0
HYD,20010828,1.95442176870748374,1.95442176870748374,1.95442176870748374,1.95442176870748374,900,0
HYD,20010829,1.95442176870748374,1.95442176870748374,1.95442176870748374,1.95442176870748374,0,0
HYD,20010830,1.95442176870748374,1.95442176870748374,1.95442176870748374,1.95442176870748374,0,0
HYD,20010831,1.95442176870748374,1.95442176870748374,1.95442176870748374,1.95442176870748374,0,0
HYD,20010903,1.95442176870748374,1.95442176870748374,1.95442176870748374,1.95442176870748374,0,0
HYD,20010904,1.95442176870748374,1.95442176870748374,1.95442176870748374,1.95442176870748374,0,0
HYD,20010905,1.95442176870748374,1.95442176870748374,1.95442176870748374,1.95442176870748374,0,0
HYD,20010906,1.95442176870748374,1.95442176870748374,1.95442176870748374,1.95442176870748374,0,0
HYD,20010907,1.95442176870748374,1.95442176870748374,1.95442176870748374,1.95442176870748374,0,0
HYD,20010910,1.95442176870748374,1.95442176870748374,1.95442176870748374,1.95442176870748374,0,0
HYD,20010911,1.95442176870748374,1.95442176870748374,1.95442176870748374,1.95442176870748374,0,0
HYD,20010912,1.95442176870748374,1.95442176870748374,1.95442176870748374,1.95442176870748374,0,0
HYD,20010913,1.95442176870748374,1.95442176870748374,1.95442176870748374,1.95442176870748374,0,0
HYD,20010914,1.95442176870748374,1.95442176870748374,1.95442176870748374,1.95442176870748374,0,0
HYD,20010917,1.95442176870748374,1.95442176870748374,1.95442176870748374,1.95442176870748374,0,0
HYD,20010918,1.95442176870748374,1.95442176870748374,1.95442176870748374,1.95442176870748374,0,0
HYD,20010919,1.95442176870748374,1.95442176870748374,1.95442176870748374,1.95442176870748374,0,0
HYD,20010920,1.95442176870748374,1.95442176870748374,1.95442176870748374,1.95442176870748374,0,0
HYD,20010921,1.95442176870748374,1.95442176870748374,1.95442176870748374,1.95442176870748374,0,0
HYD,20010924,1.95442176870748374,1.95442176870748374,1.95442176870748374,1.95442176870748374,0,0
HYD,20010925,1.95442176870748374,1.95442176870748374,1.95442176870748374,1.95442176870748374,0,0
HYD,20010926,1.95442176870748374,1.95442176870748374,1.95442176870748374,1.95442176870748374,0,0
HYD,20010927,1.95442176870748374,1.95442176870748374,1.95442176870748374,1.95442176870748374,0,0
HYD,20010928,1.95442176870748374,1.95442176870748374,1.95442176870748374,1.95442176870748374,0,0
HYD,20011001,1.95442176870748374,1.95442176870748374,1.95442176870748374,1.95442176870748374,0,0
HYD,20011002,1.95442176870748374,1.95442176870748374,1.95442176870748374,1.95442176870748374,0,0
HYD,20011003,1.95442176870748374,1.95442176870748374,1.95442176870748374,1.95442176870748374,0,0
HYD,20011004,1.95442176870748374,1.95442176870748374,1.95442176870748374,1.95442176870748374,0,0
HYD,20011005,1.95442176870748374,1.95442176870748374,1.95442176870748374,1.95442176870748374,0,0
HYD,20011008,1.43707482993197334,1.43707482993197334,1.43707482993197334,1.43707482993197334,800,0
HYD,20011009,1.43707482993197334,1.43707482993197334,1.43707482993197334,1.43707482993197334,0,0
HYD,20011010,1.43707482993197334,1.43707482993197334,1.43707482993197334,1.43707482993197334,0,0
HYD,20011011,1.43707482993197334,1.43707482993197334,1.43707482993197334,1.43707482993197334,0,0
HYD,20011012,1.43707482993197334,1.43707482993197334,1.43707482993197334,1.43707482993197334,0,0
HYD,20011015,1.43707482993197334,1.43707482993197334,1.43707482993197334,1.43707482993197334,0,0
HYD,20011016,1.43707482993197334,1.43707482993197334,1.43707482993197334,1.43707482993197334,0,0
HYD,20011017,1.43707482993197334,1.43707482993197334,1.43707482993197334,1.43707482993197334,0,0
HYD,20011018,1.43707482993197334,1.43707482993197334,1.43707482993197334,1.43707482993197334,0,0
HYD,20011019,1.43707482993197334,1.43707482993197334,1.43707482993197334,1.43707482993197334,0,0
HYD,20011022,1.43707482993197334,1.43707482993197334,1.43707482993197334,1.43707482993197334,0,0
HYD,20011023,1.43707482993197334,1.43707482993197334,1.43707482993197334,1.43707482993197334,0,0
HYD,20011024,1.43707482993197334,1.43707482993197334,1.43707482993197334,1.43707482993197334,0,0
HYD,20011025,1.43707482993197334,1.43707482993197334,1.43707482993197334,1.43707482993197334,0,0
HYD,20011026,1.43707482993197334,1.43707482993197334,1.43707482993197334,1.43707482993197334,0,0
HYD,20011029,1.43707482993197334,1.43707482993197334,1.43707482993197334,1.43707482993197334,0,0
HYD,20011030,1.43707482993197334,1.43707482993197334,1.43707482993197334,1.43707482993197334,0,0
HYD,20011031,1.43707482993197334,1.43707482993197334,1.43707482993197334,1.43707482993197334,0,0
HYD,20011101,1.43707482993197334,1.43707482993197334,1.43707482993197334,1.43707482993197334,0,0
HYD,20011102,1.43707482993197334,1.43707482993197334,1.43707482993197334,1.43707482993197334,0,0
HYD,20011105,1.43707482993197334,1.43707482993197334,1.43707482993197334,1.43707482993197334,0,0
HYD,20011106,1.43707482993197334,1.43707482993197334,1.43707482993197334,1.43707482993197334,0,0
HYD,20011107,1.43707482993197334,1.43707482993197334,1.43707482993197334,1.43707482993197334,0,0
HYD,20011108,1.75323129251700748,1.75323129251700748,1.72448979591836801,1.72448979591836801,1200,0
HYD,20011109,2.09812925170068108,2.09812925170068108,2.09812925170068108,2.09812925170068108,300,0
HYD,20011112,2.09812925170068108,2.09812925170068108,2.09812925170068108,2.09812925170068108,0,0
HYD,20011113,2.09812925170068108,2.09812925170068108,2.09812925170068108,2.09812925170068108,0,0
HYD,20011114,2.09812925170068108,2.09812925170068108,2.09812925170068108,2.09812925170068108,0,0
HYD,20011115,2.06938775510204161,2.06938775510204161,1.95442176870748374,1.95442176870748374,700,0
HYD,20011116,1.95442176870748374,1.95442176870748374,1.95442176870748374,1.95442176870748374,0,0
HYD,20011119,1.95442176870748374,1.95442176870748374,1.95442176870748374,1.95442176870748374,600,0
HYD,20011120,1.75323129251700748,1.75323129251700748,1.75323129251700748,1.75323129251700748,300,0
HYD,20011121,1.75323129251700748,1.75323129251700748,1.75323129251700748,1.75323129251700748,0,0
HYD,20011122,1.75323129251700748,1.75323129251700748,1.75323129251700748,1.75323129251700748,0,0
HYD,20011123,1.75323129251700748,1.75323129251700748,1.75323129251700748,1.75323129251700748,0,0
HYD,20011126,1.75323129251700748,1.75323129251700748,1.75323129251700748,1.75323129251700748,0,0
HYD,20011127,1.75323129251700748,1.75323129251700748,1.75323129251700748,1.75323129251700748,0,0
HYD,20011128,1.75323129251700748,1.75323129251700748,1.75323129251700748,1.75323129251700748,0,0
HYD,20011129,1.75323129251700748,1.75323129251700748,1.75323129251700748,1.75323129251700748,0,0
HYD,20011130,1.75323129251700748,1.75323129251700748,1.75323129251700748,1.75323129251700748,0,0
HYD,20011203,1.75323129251700748,1.75323129251700748,1.75323129251700748,1.75323129251700748,0,0
HYD,20011204,1.75323129251700748,1.75323129251700748,1.75323129251700748,1.75323129251700748,0,0
HYD,20011205,1.75323129251700748,1.75323129251700748,1.75323129251700748,1.75323129251700748,0,0
HYD,20011206,1.75323129251700748,1.75323129251700748,1.75323129251700748,1.75323129251700748,0,0
HYD,20011207,1.75323129251700748,1.75323129251700748,1.75323129251700748,1.75323129251700748,0,0
HYD,20011210,1.75323129251700748,1.75323129251700748,1.75323129251700748,1.75323129251700748,0,0
HYD,20011211,1.75323129251700748,1.75323129251700748,1.75323129251700748,1.75323129251700748,0,0
HYD,20011212,1.75323129251700748,1.75323129251700748,1.75323129251700748,1.75323129251700748,0,0
HYD,20011213,1.75323129251700748,1.75323129251700748,1.75323129251700748,1.75323129251700748,0,0
HYD,20011214,1.75323129251700748,1.75323129251700748,1.75323129251700748,1.75323129251700748,0,0
HYD,20011217,1.75323129251700748,1.75323129251700748,1.75323129251700748,1.75323129251700748,0,0
HYD,20011218,1.75323129251700748,1.75323129251700748,1.75323129251700748,1.75323129251700748,0,0
HYD,20011219,1.75323129251700748,1.75323129251700748,1.75323129251700748,1.75323129251700748,0,0
HYD,20011220,1.75323129251700748,1.75323129251700748,1.75323129251700748,1.75323129251700748,0,0
HYD,20011221,1.75323129251700748,1.75323129251700748,1.75323129251700748,1.75323129251700748,0,0
HYD,20011224,1.75323129251700748,1.75323129251700748,1.75323129251700748,1.75323129251700748,0,0
HYD,20011225,1.75323129251700748,1.75323129251700748,1.75323129251700748,1.75323129251700748,0,0
HYD,20011226,1.75323129251700748,1.75323129251700748,1.75323129251700748,1.75323129251700748,0,0
HYD,20011227,1.75323129251700748,1.75323129251700748,1.75323129251700748,1.75323129251700748,0,0
HYD,20011228,1.75323129251700748,1.75323129251700748,1.75323129251700748,1.75323129251700748,0,0
HYD,20011231,1.75323129251700748,1.75323129251700748,1.75323129251700748,1.75323129251700748,0,0
HYD,20020101,1.75323129251700748,1.75323129251700748,1.75323129251700748,1.75323129251700748,0,0
HYD,20020102,1.75323129251700748,1.75323129251700748,1.75323129251700748,1.75323129251700748,0,0
HYD,20020103,1.75323129251700748,1.75323129251700748,1.75323129251700748,1.75323129251700748,0,0
HYD,20020104,2.06938775510204161,2.06938775510204161,2.06938775510204161,2.06938775510204161,400,0
HYD,20020107,1.49455782312925228,1.49455782312925228,1.49455782312925228,1.49455782312925228,270,0
HYD,20020108,1.49455782312925228,1.49455782312925228,1.49455782312925228,1.49455782312925228,0,0
HYD,20020109,1.49455782312925228,1.49455782312925228,1.49455782312925228,1.49455782312925228,0,0
HYD,20020110,1.72448979591836801,1.72448979591836801,1.72448979591836801,1.72448979591836801,70,0
HYD,20020111,1.72448979591836801,1.72448979591836801,1.72448979591836801,1.72448979591836801,0,0
HYD,20020114,1.89693877551020481,1.89693877551020481,1.89693877551020481,1.89693877551020481,630,0
HYD,20020115,1.89693877551020481,1.89693877551020481,1.89693877551020481,1.89693877551020481,500,0
HYD,20020116,1.89693877551020481,1.89693877551020481,1.89693877551020481,1.89693877551020481,0,0
HYD,20020117,1.89693877551020481,1.89693877551020481,1.89693877551020481,1.89693877551020481,0,0
HYD,20020118,1.89693877551020481,1.89693877551020481,1.89693877551020481,1.89693877551020481,0,0
HYD,20020121,1.89693877551020481,1.89693877551020481,1.89693877551020481,1.89693877551020481,0,0
HYD,20020122,1.89693877551020481,1.89693877551020481,1.89693877551020481,1.89693877551020481,0,0
HYD,20020123,1.89693877551020481,1.89693877551020481,1.89693877551020481,1.89693877551020481,0,0
HYD,20020124,1.89693877551020481,1.89693877551020481,1.89693877551020481,1.89693877551020481,0,0
HYD,20020125,1.89693877551020481,1.89693877551020481,1.89693877551020481,1.89693877551020481,0,0
HYD,20020128,1.89693877551020481,1.89693877551020481,1.89693877551020481,1.89693877551020481,0,0
HYD,20020129,1.43707482993197334,1.43707482993197334,1.43707482993197334,1.43707482993197334,1950,0
HYD,20020130,1.43707482993197334,1.43707482993197334,1.43707482993197334,1.43707482993197334,0,0
HYD,20020131,1.43707482993197334,1.43707482993197334,1.43707482993197334,1.43707482993197334,0,0
HYD,20020201,1.43707482993197334,1.43707482993197334,1.43707482993197334,1.43707482993197334,0,0
HYD,20020204,1.43707482993197334,1.43707482993197334,1.43707482993197334,1.43707482993197334,0,0
HYD,20020205,1.43707482993197334,1.43707482993197334,1.43707482993197334,1.43707482993197334,0,0
HYD,20020206,1.43707482993197334,1.43707482993197334,1.43707482993197334,1.43707482993197334,0,0
HYD,20020207,1.43707482993197334,1.43707482993197334,1.43707482993197334,1.43707482993197334,0,0
HYD,20020208,1.43707482993197334,1.43707482993197334,1.43707482993197334,1.43707482993197334,0,0
HYD,20020211,1.43707482993197334,1.43707482993197334,1.43707482993197334,1.43707482993197334,0,0
HYD,20020212,1.26462585034013654,1.26462585034013654,1.26462585034013654,1.26462585034013654,400,0
HYD,20020213,1.26462585034013654,1.26462585034013654,1.26462585034013654,1.26462585034013654,0,0
HYD,20020214,1.26462585034013654,1.26462585034013654,1.26462585034013654,1.26462585034013654,0,0
HYD,20020215,1.43707482993197334,1.43707482993197334,1.43707482993197334,1.43707482993197334,800,0
HYD,20020218,1.43707482993197334,1.43707482993197334,1.43707482993197334,1.43707482993197334,0,0
HYD,20020219,1.43707482993197334,1.43707482993197334,1.43707482993197334,1.43707482993197334,0,0
HYD,20020220,1.43707482993197334,1.43707482993197334,1.43707482993197334,1.43707482993197334,1700,0
HYD,20020221,1.43707482993197334,1.43707482993197334,1.43707482993197334,1.43707482993197334,0,0
HYD,20020222,1.43707482993197334,1.43707482993197334,1.43707482993197334,1.43707482993197334,0,0
HYD,20020225,1.26462585034013654,1.26462585034013654,1.26462585034013654,1.26462585034013654,900,0
HYD,20020226,1.26462585034013654,1.26462585034013654,1.26462585034013654,1.26462585034013654,0,0
HYD,20020227,1.26462585034013654,1.26462585034013654,1.26462585034013654,1.26462585034013654,0,0
HYD,20020228,1.26462585034013654,1.26462585034013654,1.26462585034013654,1.26462585034013654,0,0
HYD,20020301,1.26462585034013654,1.26462585034013654,1.26462585034013654,1.26462585034013654,70,0
HYD,20020304,1.26462585034013654,1.26462585034013654,1.26462585034013654,1.26462585034013654,0,0
HYD,20020305,1.26462585034013654,1.26462585034013654,1.26462585034013654,1.26462585034013654,100,0
HYD,20020306,1.26462585034013654,1.26462585034013654,1.26462585034013654,1.26462585034013654,0,0
HYD,20020307,1.26462585034013654,1.26462585034013654,1.26462585034013654,1.26462585034013654,0,0
HYD,20020308,1.26462585034013654,1.26462585034013654,1.26462585034013654,1.26462585034013654,0,0
HYD,20020311,1.26462585034013654,1.26462585034013654,1.26462585034013654,1.26462585034013654,0,0
HYD,20020312,1.26462585034013654,1.26462585034013654,1.26462585034013654,1.26462585034013654,0,0
HYD,20020313,1.26462585034013654,1.26462585034013654,1.26462585034013654,1.26462585034013654,0,0
HYD,20020314,1.26462585034013654,1.26462585034013654,1.26462585034013654,1.26462585034013654,0,0
HYD,20020315,1.26462585034013654,1.26462585034013654,1.26462585034013654,1.26462585034013654,0,0
HYD,20020318,1.26462585034013654,1.26462585034013654,1.26462585034013654,1.26462585034013654,0,0
HYD,20020319,1.26462585034013654,1.26462585034013654,1.26462585034013654,1.26462585034013654,0,0
HYD,20020320,1.26462585034013654,1.26462585034013654,1.26462585034013654,1.26462585034013654,0,0
HYD,20020321,1.26462585034013654,1.26462585034013654,1.26462585034013654,1.26462585034013654,0,0
HYD,20020322,1.26462585034013654,1.26462585034013654,1.26462585034013654,1.26462585034013654,0,0
HYD,20020325,1.26462585034013654,1.26462585034013654,1.26462585034013654,1.26462585034013654,0,0
HYD,20020326,1.26462585034013654,1.26462585034013654,1.26462585034013654,1.26462585034013654,0,0
HYD,20020327,1.26462585034013654,1.26462585034013654,1.26462585034013654,1.26462585034013654,0,0
HYD,20020328,1.26462585034013654,1.26462585034013654,1.26462585034013654,1.26462585034013654,0,0
HYD,20020329,1.26462585034013654,1.26462585034013654,1.26462585034013654,1.26462585034013654,0,0
HYD,20020401,1.26462585034013654,1.26462585034013654,1.26462585034013654,1.26462585034013654,0,0
HYD,20020402,1.26462585034013654,1.26462585034013654,1.26462585034013654,1.26462585034013654,0,0
HYD,20020403,1.26462585034013654,1.26462585034013654,1.26462585034013654,1.26462585034013654,0,0
HYD,20020404,1.26462585034013654,1.26462585034013654,1.26462585034013654,1.26462585034013654,0,0
HYD,20020405,1.26462585034013654,1.26462585034013654,1.26462585034013654,1.26462585034013654,0,0
HYD,20020408,1.26462585034013654,1.26462585034013654,1.26462585034013654,1.26462585034013654,0,0
HYD,20020409,1.26462585034013654,1.26462585034013654,1.26462585034013654,1.26462585034013654,0,0
HYD,20020410,1.26462585034013654,1.26462585034013654,1.26462585034013654,1.26462585034013654,0,0
HYD,20020411,1.26462585034013654,1.26462585034013654,1.26462585034013654,1.26462585034013654,0,0
HYD,20020412,1.26462585034013654,1.26462585034013654,1.26462585034013654,1.26462585034013654,0,0
HYD,20020415,1.26462585034013654,1.26462585034013654,1.26462585034013654,1.26462585034013654,0,0
HYD,20020416,1.26462585034013654,1.26462585034013654,1.26462585034013654,1.26462585034013654,0,0
HYD,20020417,1.26462585034013654,1.26462585034013654,1.26462585034013654,1.26462585034013654,0,0
HYD,20020418,1.26462585034013654,1.26462585034013654,1.26462585034013654,1.26462585034013654,0,0
HYD,20020419,1.26462585034013654,1.26462585034013654,1.26462585034013654,1.26462585034013654,0,0
HYD,20020422,1.26462585034013654,1.26462585034013654,1.26462585034013654,1.26462585034013654,0,0
HYD,20020423,1.26462585034013654,1.26462585034013654,1.26462585034013654,1.26462585034013654,0,0
HYD,20020424,1.26462585034013654,1.26462585034013654,1.26462585034013654,1.26462585034013654,0,0
HYD,20020425,1.26462585034013654,1.26462585034013654,1.26462585034013654,1.26462585034013654,0,0
HYD,20020426,1.26462585034013654,1.26462585034013654,1.26462585034013654,1.26462585034013654,0,0
HYD,20020429,1.26462585034013654,1.26462585034013654,1.26462585034013654,1.26462585034013654,0,0
HYD,20020430,1.26462585034013654,1.26462585034013654,1.26462585034013654,1.26462585034013654,1000,0
HYD,20020501,1.26462585034013654,1.26462585034013654,1.26462585034013654,1.26462585034013654,400,0
HYD,20020502,1.26462585034013654,1.26462585034013654,1.26462585034013654,1.26462585034013654,0,0
HYD,20020503,1.26462585034013654,1.26462585034013654,1.26462585034013654,1.26462585034013654,1000,0
HYD,20020506,1.26462585034013654,1.26462585034013654,1.26462585034013654,1.26462585034013654,0,0
HYD,20020507,1.26462585034013654,1.26462585034013654,1.26462585034013654,1.26462585034013654,0,0
HYD,20020508,1.26462585034013654,1.26462585034013654,1.26462585034013654,1.26462585034013654,0,0
HYD,20020509,1.26462585034013654,1.26462585034013654,1.26462585034013654,1.26462585034013654,0,0
HYD,20020510,1.26462585034013654,1.26462585034013654,1.26462585034013654,1.26462585034013654,0,0
HYD,20020513,1.26462585034013654,1.26462585034013654,1.26462585034013654,1.26462585034013654,0,0
HYD,20020514,1.26462585034013654,1.26462585034013654,1.26462585034013654,1.26462585034013654,0,0
HYD,20020515,1.26462585034013654,1.26462585034013654,1.26462585034013654,1.26462585034013654,0,0
HYD,20020516,1.26462585034013654,1.26462585034013654,1.26462585034013654,1.26462585034013654,0,0
HYD,20020517,1.26462585034013654,1.26462585034013654,1.26462585034013654,1.26462585034013654,0,0
HYD,20020520,1.26462585034013654,1.26462585034013654,1.26462585034013654,1.26462585034013654,0,0
HYD,20020521,1.26462585034013654,1.26462585034013654,1.26462585034013654,1.26462585034013654,0,0
HYD,20020522,1.26462585034013654,1.26462585034013654,1.26462585034013654,1.26462585034013654,0,0
HYD,20020523,1.26462585034013654,1.26462585034013654,1.26462585034013654,1.26462585034013654,0,0
HYD,20020524,1.26462585034013654,1.26462585034013654,1.26462585034013654,1.26462585034013654,0,0
HYD,20020527,1.26462585034013654,1.26462585034013654,1.26462585034013654,1.26462585034013654,400,0
HYD,20020528,1.26462585034013654,1.26462585034013654,1.26462585034013654,1.26462585034013654,0,0
HYD,20020529,1.26462585034013654,1.26462585034013654,1.26462585034013654,1.26462585034013654,0,0
HYD,20020530,1.26462585034013654,1.26462585034013654,1.26462585034013654,1.26462585034013654,1800,0
HYD,20020531,1.26462585034013654,1.26462585034013654,1.14965986394557867,1.14965986394557867,400,0
HYD,20020603,1.60952380952381014,1.60952380952381014,1.60952380952381014,1.60952380952381014,293.6,0
HYD,20020604,1.60952380952381014,1.60952380952381014,1.60952380952381014,1.60952380952381014,206.4,0
HYD,20020605,1.60952380952381014,1.60952380952381014,1.60952380952381014,1.60952380952381014,0,0
HYD,20020606,1.60952380952381014,1.60952380952381014,1.60952380952381014,1.60952380952381014,0,0
HYD,20020607,1.60952380952381014,1.60952380952381014,1.60952380952381014,1.60952380952381014,0,0
HYD,20020610,1.60952380952381014,1.60952380952381014,1.60952380952381014,1.60952380952381014,0,0
HYD,20020611,1.60952380952381014,1.60952380952381014,1.60952380952381014,1.60952380952381014,0,0
HYD,20020612,1.60952380952381014,1.60952380952381014,1.60952380952381014,1.60952380952381014,0,0
HYD,20020613,1.60952380952381014,1.60952380952381014,1.60952380952381014,1.60952380952381014,0,0
HYD,20020614,1.60952380952381014,1.60952380952381014,1.60952380952381014,1.60952380952381014,0,0
HYD,20020617,1.60952380952381014,1.60952380952381014,1.60952380952381014,1.60952380952381014,0,0
HYD,20020618,1.60952380952381014,1.60952380952381014,1.60952380952381014,1.60952380952381014,0,0
HYD,20020619,1.60952380952381014,1.60952380952381014,1.60952380952381014,1.60952380952381014,0,0
HYD,20020620,1.60952380952381014,1.60952380952381014,1.60952380952381014,1.60952380952381014,0,0
HYD,20020621,1.60952380952381014,1.60952380952381014,1.60952380952381014,1.60952380952381014,0,0
HYD,20020624,1.43707482993197334,1.43707482993197334,1.43707482993197334,1.43707482993197334,400,0
HYD,20020625,1.43707482993197334,1.43707482993197334,1.43707482993197334,1.43707482993197334,0,0
HYD,20020626,1.43707482993197334,1.43707482993197334,1.43707482993197334,1.43707482993197334,0,0
HYD,20020627,1.43707482993197334,1.43707482993197334,1.43707482993197334,1.43707482993197334,0,0
HYD,20020628,1.43707482993197334,1.43707482993197334,1.43707482993197334,1.43707482993197334,0,0
HYD,20020701,1.43707482993197334,1.43707482993197334,1.43707482993197334,1.43707482993197334,0,0
HYD,20020702,1.43707482993197334,1.43707482993197334,1.43707482993197334,1.43707482993197334,0,0
HYD,20020703,1.43707482993197334,1.43707482993197334,1.43707482993197334,1.43707482993197334,0,0
HYD,20020704,1.43707482993197334,1.43707482993197334,1.43707482993197334,1.43707482993197334,0,0
HYD,20020705,1.43707482993197334,1.43707482993197334,1.43707482993197334,1.43707482993197334,0,0
HYD,20020708,1.43707482993197334,1.43707482993197334,1.43707482993197334,1.43707482993197334,0,0
HYD,20020709,1.43707482993197334,1.43707482993197334,1.43707482993197334,1.43707482993197334,0,0
HYD,20020710,1.09217687074829974,1.09217687074829974,1.09217687074829974,1.09217687074829974,1193.6,0
HYD,20020711,1.09217687074829974,1.09217687074829974,1.09217687074829974,1.09217687074829974,0,0
HYD,20020712,1.09217687074829974,1.09217687074829974,1.09217687074829974,1.09217687074829974,0,0
HYD,20020715,1.09217687074829974,1.09217687074829974,1.09217687074829974,1.09217687074829974,400,0
HYD,20020716,1.43707482993197334,1.43707482993197334,1.43707482993197334,1.43707482993197334,100,0
HYD,20020717,1.43707482993197334,1.43707482993197334,1.43707482993197334,1.43707482993197334,0,0
HYD,20020718,1.43707482993197334,1.43707482993197334,1.43707482993197334,1.43707482993197334,0,0
HYD,20020719,1.43707482993197334,1.43707482993197334,1.43707482993197334,1.43707482993197334,0,0
HYD,20020722,1.43707482993197334,1.43707482993197334,1.43707482993197334,1.43707482993197334,0,0
HYD,20020723,1.43707482993197334,1.43707482993197334,1.43707482993197334,1.43707482993197334,0,0
HYD,20020724,1.43707482993197334,1.43707482993197334,1.43707482993197334,1.43707482993197334,0,0
HYD,20020725,1.43707482993197334,1.43707482993197334,1.43707482993197334,1.43707482993197334,0,0
HYD,20020726,1.43707482993197334,1.43707482993197334,1.43707482993197334,1.43707482993197334,0,0
HYD,20020729,1.43707482993197334,1.43707482993197334,1.43707482993197334,1.43707482993197334,0,0
HYD,20020730,1.43707482993197334,1.43707482993197334,1.43707482993197334,1.43707482993197334,0,0
HYD,20020731,1.43707482993197334,1.43707482993197334,1.43707482993197334,1.43707482993197334,0,0
HYD,20020801,1.43707482993197334,1.43707482993197334,1.43707482993197334,1.43707482993197334,0,0
HYD,20020802,1.43707482993197334,1.43707482993197334,1.43707482993197334,1.43707482993197334,0,0
HYD,20020805,1.43707482993197334,1.43707482993197334,1.43707482993197334,1.43707482993197334,0,0
HYD,20020806,1.43707482993197334,1.43707482993197334,1.43707482993197334,1.43707482993197334,0,0
HYD,20020807,1.43707482993197334,1.43707482993197334,1.43707482993197334,1.43707482993197334,0,0
HYD,20020808,1.43707482993197334,1.43707482993197334,1.43707482993197334,1.43707482993197334,0,0
HYD,20020809,1.43707482993197334,1.43707482993197334,1.43707482993197334,1.43707482993197334,0,0
HYD,20020812,1.43707482993197334,1.43707482993197334,1.43707482993197334,1.43707482993197334,0,0
HYD,20020813,1.43707482993197334,1.43707482993197334,1.43707482993197334,1.43707482993197334,0,0
HYD,20020814,1.43707482993197334,1.43707482993197334,1.43707482993197334,1.43707482993197334,0,0
HYD,20020815,1.43707482993197334,1.43707482993197334,1.43707482993197334,1.43707482993197334,0,0
HYD,20020816,1.43707482993197334,1.43707482993197334,1.43707482993197334,1.43707482993197334,0,0
HYD,20020819,1.43707482993197334,1.43707482993197334,1.43707482993197334,1.43707482993197334,0,0
HYD,20020820,1.43707482993197334,1.43707482993197334,1.43707482993197334,1.43707482993197334,0,0
HYD,20020821,1.43707482993197334,1.43707482993197334,1.43707482993197334,1.43707482993197334,0,0
HYD,20020822,1.43707482993197334,1.43707482993197334,1.43707482993197334,1.43707482993197334,0,0
HYD,20020823,1.43707482993197334,1.43707482993197334,1.43707482993197334,1.43707482993197334,0,0
HYD,20020826,1.43707482993197334,1.43707482993197334,1.43707482993197334,1.43707482993197334,0,0
HYD,20020827,1.43707482993197334,1.43707482993197334,1.43707482993197334,1.43707482993197334,0,0
HYD,20020828,1.43707482993197334,1.43707482993197334,1.43707482993197334,1.43707482993197334,0,0
HYD,20020829,1.43707482993197334,1.43707482993197334,1.43707482993197334,1.43707482993197334,0,0
HYD,20020830,1.43707482993197334,1.43707482993197334,1.43707482993197334,1.43707482993197334,0,0
HYD,20020902,1.43707482993197334,1.43707482993197334,1.43707482993197334,1.43707482993197334,0,0
HYD,20020903,1.43707482993197334,1.43707482993197334,1.43707482993197334,1.43707482993197334,0,0
HYD,20020904,1.43707482993197334,1.43707482993197334,1.43707482993197334,1.43707482993197334,0,0
HYD,20020905,1.43707482993197334,1.43707482993197334,1.43707482993197334,1.43707482993197334,0,0
HYD,20020906,1.43707482993197334,1.43707482993197334,1.43707482993197334,1.43707482993197334,0,0
HYD,20020909,1.43707482993197334,1.43707482993197334,1.43707482993197334,1.43707482993197334,0,0
HYD,20020910,1.43707482993197334,1.43707482993197334,1.43707482993197334,1.43707482993197334,0,0
HYD,20020911,1.43707482993197334,1.43707482993197334,1.43707482993197334,1.43707482993197334,0,0
HYD,20020912,1.43707482993197334,1.43707482993197334,1.43707482993197334,1.43707482993197334,0,0
HYD,20020913,1.43707482993197334,1.43707482993197334,1.43707482993197334,1.43707482993197334,0,0
HYD,20020916,1.43707482993197334,1.43707482993197334,1.43707482993197334,1.43707482993197334,0,0
HYD,20020917,1.43707482993197334,1.43707482993197334,1.43707482993197334,1.43707482993197334,0,0
HYD,20020918,1.43707482993197334,1.43707482993197334,1.43707482993197334,1.43707482993197334,0,0
HYD,20020919,1.43707482993197334,1.43707482993197334,1.43707482993197334,1.43707482993197334,0,0
HYD,20020920,1.43707482993197334,1.43707482993197334,1.43707482993197334,1.43707482993197334,0,0
HYD,20020923,0.977210884353741872,0.977210884353741872,0.977210884353741872,0.977210884353741872,400,0
HYD,20020924,0.977210884353741872,0.977210884353741872,0.977210884353741872,0.977210884353741872,0,0
HYD,20020925,0.977210884353741872,0.977210884353741872,0.977210884353741872,0.977210884353741872,0,0
HYD,20020926,0.977210884353741872,0.977210884353741872,0.977210884353741872,0.977210884353741872,0,0
HYD,20020927,0.977210884353741872,0.977210884353741872,0.977210884353741872,0.977210884353741872,0,0
HYD,20020930,0.977210884353741872,0.977210884353741872,0.977210884353741872,0.977210884353741872,0,0
HYD,20021001,0.977210884353741872,0.977210884353741872,0.977210884353741872,0.977210884353741872,0,0
HYD,20021002,0.977210884353741872,0.977210884353741872,0.977210884353741872,0.977210884353741872,0,0
HYD,20021003,0.977210884353741872,0.977210884353741872,0.977210884353741872,0.977210884353741872,0,0
HYD,20021004,0.977210884353741872,0.977210884353741872,0.977210884353741872,0.977210884353741872,0,0
HYD,20021007,0.977210884353741872,0.977210884353741872,0.977210884353741872,0.977210884353741872,0,0
HYD,20021008,0.977210884353741872,0.977210884353741872,0.977210884353741872,0.977210884353741872,0,0
HYD,20021009,0.977210884353741872,0.977210884353741872,0.977210884353741872,0.977210884353741872,0,0
HYD,20021010,0.977210884353741872,0.977210884353741872,0.977210884353741872,0.977210884353741872,0,0
HYD,20021011,0.977210884353741872,0.977210884353741872,0.977210884353741872,0.977210884353741872,0,0
HYD,20021014,0.977210884353741872,0.977210884353741872,0.977210884353741872,0.977210884353741872,0,0
HYD,20021015,0.919727891156462939,0.919727891156462939,0.919727891156462939,0.919727891156462939,400,0
HYD,20021016,0.919727891156462939,0.919727891156462939,0.919727891156462939,0.919727891156462939,0,0
HYD,20021017,0.919727891156462939,0.919727891156462939,0.919727891156462939,0.919727891156462939,0,0
HYD,20021018,0.919727891156462939,0.919727891156462939,0.919727891156462939,0.919727891156462939,0,0
HYD,20021021,0.919727891156462939,0.919727891156462939,0.919727891156462939,0.919727891156462939,0,0
HYD,20021022,0.919727891156462939,0.919727891156462939,0.919727891156462939,0.919727891156462939,0,0
HYD,20021023,0.919727891156462939,0.919727891156462939,0.919727891156462939,0.919727891156462939,0,0
HYD,20021024,0.919727891156462939,0.919727891156462939,0.919727891156462939,0.919727891156462939,0,0
HYD,20021025,0.919727891156462939,0.919727891156462939,0.919727891156462939,0.919727891156462939,0,0
HYD,20021028,0.919727891156462939,0.919727891156462939,0.919727891156462939,0.919727891156462939,0,0
HYD,20021029,0.919727891156462939,0.919727891156462939,0.919727891156462939,0.919727891156462939,0,0
HYD,20021030,0.919727891156462939,0.919727891156462939,0.919727891156462939,0.919727891156462939,0,0
HYD,20021031,0.919727891156462939,0.919727891156462939,0.919727891156462939,0.919727891156462939,0,0
HYD,20021101,0.919727891156462939,0.919727891156462939,0.919727891156462939,0.919727891156462939,0,0
HYD,20021104,0.919727891156462939,0.919727891156462939,0.919727891156462939,0.919727891156462939,0,0
HYD,20021105,0.919727891156462939,0.919727891156462939,0.919727891156462939,0.919727891156462939,0,0
HYD,20021106,0.919727891156462939,0.919727891156462939,0.919727891156462939,0.919727891156462939,0,0
HYD,20021107,0.919727891156462939,0.919727891156462939,0.919727891156462939,0.919727891156462939,0,0
HYD,20021108,0.919727891156462939,0.919727891156462939,0.919727891156462939,0.919727891156462939,0,0
HYD,20021111,0.919727891156462939,0.919727891156462939,0.919727891156462939,0.919727891156462939,0,0
HYD,20021112,0.574829931972789337,0.574829931972789337,0.574829931972789337,0.574829931972789337,500,0
HYD,20021113,0.574829931972789337,0.574829931972789337,0.574829931972789337,0.574829931972789337,0,0
HYD,20021114,0.574829931972789337,0.574829931972789337,0.574829931972789337,0.574829931972789337,0,0
HYD,20021115,0.574829931972789337,0.574829931972789337,0.574829931972789337,0.574829931972789337,0,0
HYD,20021118,0.574829931972789337,0.574829931972789337,0.574829931972789337,0.574829931972789337,0,0
HYD,20021119,0.574829931972789337,0.574829931972789337,0.574829931972789337,0.574829931972789337,0,0
HYD,20021120,0.689795918367347204,0.689795918367347204,0.689795918367347204,0.689795918367347204,500,0
HYD,20021121,0.689795918367347204,0.689795918367347204,0.689795918367347204,0.689795918367347204,0,0
HYD,20021122,0.689795918367347204,0.689795918367347204,0.689795918367347204,0.689795918367347204,0,0
HYD,20021125,0.689795918367347204,0.689795918367347204,0.689795918367347204,0.689795918367347204,0,0
HYD,20021126,0.689795918367347204,0.689795918367347204,0.689795918367347204,0.689795918367347204,0,0
HYD,20021127,0.689795918367347204,0.689795918367347204,0.689795918367347204,0.689795918367347204,0,0
HYD,20021128,0.689795918367347204,0.689795918367347204,0.689795918367347204,0.689795918367347204,0,0
HYD,20021129,0.689795918367347204,0.689795918367347204,0.689795918367347204,0.689795918367347204,0,0
HYD,20021202,0.689795918367347204,0.689795918367347204,0.689795918367347204,0.689795918367347204,0,0
HYD,20021203,0.689795918367347204,0.689795918367347204,0.689795918367347204,0.689795918367347204,0,0
HYD,20021204,0.689795918367347204,0.689795918367347204,0.689795918367347204,0.689795918367347204,0,0
HYD,20021205,0.689795918367347204,0.689795918367347204,0.689795918367347204,0.689795918367347204,0,0
HYD,20021206,0.689795918367347204,0.689795918367347204,0.689795918367347204,0.689795918367347204,0,0
HYD,20021209,0.689795918367347204,0.689795918367347204,0.689795918367347204,0.689795918367347204,0,0
HYD,20021210,0.689795918367347204,0.689795918367347204,0.689795918367347204,0.689795918367347204,0,0
HYD,20021211,0.689795918367347204,0.689795918367347204,0.689795918367347204,0.689795918367347204,0,0
HYD,20021212,0.689795918367347204,0.689795918367347204,0.689795918367347204,0.689795918367347204,0,0
HYD,20021213,0.689795918367347204,0.689795918367347204,0.689795918367347204,0.689795918367347204,0,0
HYD,20021216,0.689795918367347204,0.689795918367347204,0.689795918367347204,0.689795918367347204,0,0
HYD,20021217,0.689795918367347204,0.689795918367347204,0.689795918367347204,0.689795918367347204,0,0
HYD,20021218,0.689795918367347204,0.689795918367347204,0.689795918367347204,0.689795918367347204,0,0
HYD,20021219,0.689795918367347204,0.689795918367347204,0.689795918367347204,0.689795918367347204,0,0
HYD,20021220,0.689795918367347204,0.689795918367347204,0.689795918367347204,0.689795918367347204,0,0
HYD,20021223,0.689795918367347204,0.689795918367347204,0.689795918367347204,0.689795918367347204,0,0
HYD,20021224,0.689795918367347204,0.689795918367347204,0.689795918367347204,0.689795918367347204,0,0
HYD,20021225,0.689795918367347204,0.689795918367347204,0.689795918367347204,0.689795918367347204,0,0
HYD,20021226,0.689795918367347204,0.689795918367347204,0.689795918367347204,0.689795918367347204,0,0
HYD,20021227,0.689795918367347204,0.689795918367347204,0.689795918367347204,0.689795918367347204,0,0
HYD,20021230,0.689795918367347204,0.689795918367347204,0.689795918367347204,0.689795918367347204,400,0
HYD,20021231,0.689795918367347204,0.689795918367347204,0.689795918367347204,0.689795918367347204,0,0
HYD,20030101,0.689795918367347204,0.689795918367347204,0.689795918367347204,0.689795918367347204,0,0
HYD,20030102,0.689795918367347204,0.689795918367347204,0.689795918367347204,0.689795918367347204,0,0
HYD,20030103,0.689795918367347204,0.689795918367347204,0.689795918367347204,0.689795918367347204,3500,0
HYD,20030106,0.689795918367347204,0.689795918367347204,0.689795918367347204,0.689795918367347204,0,0
HYD,20030107,0.689795918367347204,0.689795918367347204,0.689795918367347204,0.689795918367347204,0,0
HYD,20030108,0.689795918367347204,0.689795918367347204,0.689795918367347204,0.689795918367347204,0,0
HYD,20030109,0.689795918367347204,0.689795918367347204,0.689795918367347204,0.689795918367347204,0,0
HYD,20030110,0.689795918367347204,0.689795918367347204,0.689795918367347204,0.689795918367347204,0,0
HYD,20030113,0.689795918367347204,0.689795918367347204,0.689795918367347204,0.689795918367347204,0,0
HYD,20030114,0.689795918367347204,0.689795918367347204,0.689795918367347204,0.689795918367347204,600,0
HYD,20030115,0.689795918367347204,0.689795918367347204,0.689795918367347204,0.689795918367347204,0,0
HYD,20030116,0.689795918367347204,0.689795918367347204,0.689795918367347204,0.689795918367347204,0,0
HYD,20030117,0.689795918367347204,0.689795918367347204,0.689795918367347204,0.689795918367347204,0,0
HYD,20030120,0.689795918367347204,0.689795918367347204,0.689795918367347204,0.689795918367347204,0,0
HYD,20030121,0.689795918367347204,0.689795918367347204,0.689795918367347204,0.689795918367347204,0,0
HYD,20030122,0.689795918367347204,0.689795918367347204,0.689795918367347204,0.689795918367347204,0,0
HYD,20030123,0.689795918367347204,0.689795918367347204,0.689795918367347204,0.689795918367347204,0,0
HYD,20030124,0.689795918367347204,0.689795918367347204,0.689795918367347204,0.689795918367347204,0,0
HYD,20030127,0.689795918367347204,0.689795918367347204,0.689795918367347204,0.689795918367347204,0,0
HYD,20030128,0.689795918367347204,0.689795918367347204,0.689795918367347204,0.689795918367347204,0,0
HYD,20030129,0.689795918367347204,0.689795918367347204,0.689795918367347204,0.689795918367347204,0,0
HYD,20030130,0.689795918367347204,0.689795918367347204,0.689795918367347204,0.689795918367347204,0,0
HYD,20030131,0.689795918367347204,0.689795918367347204,0.689795918367347204,0.689795918367347204,0,0
HYD,20030203,0.689795918367347204,0.689795918367347204,0.689795918367347204,0.689795918367347204,0,0
HYD,20030204,0.689795918367347204,0.689795918367347204,0.689795918367347204,0.689795918367347204,0,0
HYD,20030205,0.689795918367347204,0.689795918367347204,0.689795918367347204,0.689795918367347204,0,0
HYD,20030206,0.689795918367347204,0.689795918367347204,0.689795918367347204,0.689795918367347204,0,0
HYD,20030207,0.689795918367347204,0.689795918367347204,0.689795918367347204,0.689795918367347204,0,0
HYD,20030210,0.689795918367347204,0.689795918367347204,0.689795918367347204,0.689795918367347204,0,0
HYD,20030211,0.689795918367347204,0.689795918367347204,0.689795918367347204,0.689795918367347204,0,0
HYD,20030212,0.689795918367347204,0.689795918367347204,0.689795918367347204,0.689795918367347204,0,0
HYD,20030213,0.689795918367347204,0.689795918367347204,0.689795918367347204,0.689795918367347204,0,0
HYD,20030214,0.689795918367347204,0.689795918367347204,0.689795918367347204,0.689795918367347204,900,0
HYD,20030217,0.747278911564626138,0.747278911564626138,0.747278911564626138,0.747278911564626138,400,0
HYD,20030218,0.689795918367347204,0.689795918367347204,0.689795918367347204,0.689795918367347204,400,0
HYD,20030219,0.689795918367347204,0.689795918367347204,0.689795918367347204,0.689795918367347204,0,0
HYD,20030220,0.689795918367347204,0.689795918367347204,0.689795918367347204,0.689795918367347204,0,0
HYD,20030221,0.689795918367347204,0.689795918367347204,0.689795918367347204,0.689795918367347204,0,0
HYD,20030224,0.689795918367347204,0.689795918367347204,0.689795918367347204,0.689795918367347204,0,0
HYD,20030225,0.689795918367347204,0.689795918367347204,0.689795918367347204,0.689795918367347204,0,0
HYD,20030226,0.689795918367347204,0.689795918367347204,0.689795918367347204,0.689795918367347204,0,0
HYD,20030227,0.689795918367347204,0.689795918367347204,0.689795918367347204,0.689795918367347204,400,0
HYD,20030228,0.689795918367347204,0.689795918367347204,0.689795918367347204,0.689795918367347204,0,0
HYD,20030303,0.689795918367347204,0.689795918367347204,0.689795918367347204,0.689795918367347204,0,0
HYD,20030304,0.689795918367347204,0.689795918367347204,0.689795918367347204,0.689795918367347204,0,0
HYD,20030305,0.689795918367347204,0.689795918367347204,0.689795918367347204,0.689795918367347204,0,0
HYD,20030306,0.689795918367347204,0.689795918367347204,0.689795918367347204,0.689795918367347204,0,0
HYD,20030307,0.689795918367347204,0.689795918367347204,0.689795918367347204,0.689795918367347204,400,0
HYD,20030310,0.63231292517006827,0.63231292517006827,0.63231292517006827,0.63231292517006827,500,0
HYD,20030311,0.63231292517006827,0.63231292517006827,0.63231292517006827,0.63231292517006827,0,0
HYD,20030312,0.63231292517006827,0.63231292517006827,0.63231292517006827,0.63231292517006827,0,0
HYD,20030313,0.63231292517006827,0.63231292517006827,0.63231292517006827,0.63231292517006827,0,0
HYD,20030314,0.63231292517006827,0.63231292517006827,0.63231292517006827,0.63231292517006827,0,0
HYD,20030317,0.63231292517006827,0.63231292517006827,0.63231292517006827,0.63231292517006827,0,0
HYD,20030318,0.63231292517006827,0.63231292517006827,0.63231292517006827,0.63231292517006827,0,0
HYD,20030319,0.63231292517006827,0.63231292517006827,0.63231292517006827,0.63231292517006827,0,0
HYD,20030320,0.63231292517006827,0.63231292517006827,0.63231292517006827,0.63231292517006827,0,0
HYD,20030321,0.63231292517006827,0.63231292517006827,0.63231292517006827,0.63231292517006827,0,0
HYD,20030324,0.63231292517006827,0.63231292517006827,0.63231292517006827,0.63231292517006827,0,0
HYD,20030325,0.63231292517006827,0.63231292517006827,0.63231292517006827,0.63231292517006827,0,0
HYD,20030326,0.63231292517006827,0.63231292517006827,0.63231292517006827,0.63231292517006827,0,0
HYD,20030327,0.63231292517006827,0.63231292517006827,0.63231292517006827,0.63231292517006827,0,0
HYD,20030328,0.63231292517006827,0.63231292517006827,0.63231292517006827,0.63231292517006827,0,0
HYD,20030331,0.63231292517006827,0.63231292517006827,0.63231292517006827,0.63231292517006827,0,0
HYD,20030401,0.63231292517006827,0.63231292517006827,0.63231292517006827,0.63231292517006827,0,0
HYD,20030402,0.63231292517006827,0.63231292517006827,0.63231292517006827,0.63231292517006827,0,0
HYD,20030403,0.63231292517006827,0.63231292517006827,0.63231292517006827,0.63231292517006827,0,0
HYD,20030404,0.63231292517006827,0.63231292517006827,0.63231292517006827,0.63231292517006827,0,0
HYD,20030407,0.63231292517006827,0.63231292517006827,0.63231292517006827,0.63231292517006827,0,0
HYD,20030408,0.63231292517006827,0.63231292517006827,0.63231292517006827,0.63231292517006827,0,0
HYD,20030409,0.63231292517006827,0.63231292517006827,0.63231292517006827,0.63231292517006827,0,0
HYD,20030410,0.63231292517006827,0.63231292517006827,0.63231292517006827,0.63231292517006827,0,0
HYD,20030411,0.63231292517006827,0.63231292517006827,0.63231292517006827,0.63231292517006827,0,0
HYD,20030414,0.63231292517006827,0.63231292517006827,0.63231292517006827,0.63231292517006827,0,0
HYD,20030415,0.63231292517006827,0.63231292517006827,0.63231292517006827,0.63231292517006827,0,0
HYD,20030416,0.63231292517006827,0.63231292517006827,0.63231292517006827,0.63231292517006827,0,0
HYD,20030417,0.63231292517006827,0.63231292517006827,0.63231292517006827,0.63231292517006827,0,0
HYD,20030418,0.63231292517006827,0.63231292517006827,0.63231292517006827,0.63231292517006827,0,0
HYD,20030421,0.63231292517006827,0.63231292517006827,0.63231292517006827,0.63231292517006827,0,0
HYD,20030422,0.63231292517006827,0.63231292517006827,0.63231292517006827,0.63231292517006827,0,0
HYD,20030423,0.63231292517006827,0.63231292517006827,0.63231292517006827,0.63231292517006827,0,0
HYD,20030424,0.63231292517006827,0.63231292517006827,0.63231292517006827,0.63231292517006827,0,0
HYD,20030425,0.63231292517006827,0.63231292517006827,0.63231292517006827,0.63231292517006827,0,0
HYD,20030428,0.63231292517006827,0.63231292517006827,0.63231292517006827,0.63231292517006827,0,0
HYD,20030429,0.63231292517006827,0.63231292517006827,0.63231292517006827,0.63231292517006827,0,0
HYD,20030430,0.63231292517006827,0.63231292517006827,0.63231292517006827,0.63231292517006827,0,0
HYD,20030501,0.63231292517006827,0.63231292517006827,0.63231292517006827,0.63231292517006827,0,0
HYD,20030502,0.63231292517006827,0.63231292517006827,0.63231292517006827,0.63231292517006827,0,0
HYD,20030505,0.63231292517006827,0.63231292517006827,0.63231292517006827,0.63231292517006827,0,0
HYD,20030506,0.63231292517006827,0.63231292517006827,0.63231292517006827,0.63231292517006827,0,0
HYD,20030507,0.63231292517006827,0.63231292517006827,0.63231292517006827,0.63231292517006827,0,0
HYD,20030508,0.63231292517006827,0.63231292517006827,0.63231292517006827,0.63231292517006827,0,0
HYD,20030509,0.63231292517006827,0.63231292517006827,0.63231292517006827,0.63231292517006827,0,0
HYD,20030512,0.63231292517006827,0.63231292517006827,0.63231292517006827,0.63231292517006827,0,0
HYD,20030513,0.718537414965986671,0.718537414965986671,0.718537414965986671,0.718537414965986671,1700,0
HYD,20030514,0.718537414965986671,0.718537414965986671,0.718537414965986671,0.718537414965986671,0,0
HYD,20030515,0.718537414965986671,0.718537414965986671,0.718537414965986671,0.718537414965986671,0,0
HYD,20030516,0.718537414965986671,0.718537414965986671,0.718537414965986671,0.718537414965986671,0,0
HYD,20030519,0.718537414965986671,0.718537414965986671,0.718537414965986671,0.718537414965986671,0,0
HYD,20030520,0.718537414965986671,0.718537414965986671,0.718537414965986671,0.718537414965986671,0,0
HYD,20030521,0.718537414965986671,0.718537414965986671,0.718537414965986671,0.718537414965986671,0,0
HYD,20030522,0.718537414965986671,0.718537414965986671,0.718537414965986671,0.718537414965986671,0,0
HYD,20030523,0.718537414965986671,0.718537414965986671,0.718537414965986671,0.718537414965986671,0,0
HYD,20030526,0.718537414965986671,0.718537414965986671,0.718537414965986671,0.718537414965986671,0,0
HYD,20030527,0.718537414965986671,0.718537414965986671,0.718537414965986671,0.718537414965986671,0,0
HYD,20030528,0.718537414965986671,0.718537414965986671,0.718537414965986671,0.718537414965986671,400,0
HYD,20030529,0.718537414965986671,0.718537414965986671,0.718537414965986671,0.718537414965986671,0,0
HYD,20030530,0.718537414965986671,0.718537414965986671,0.718537414965986671,0.718537414965986671,0,0
HYD,20030602,0.718537414965986671,0.718537414965986671,0.718537414965986671,0.718537414965986671,0,0
HYD,20030603,0.718537414965986671,0.718537414965986671,0.718537414965986671,0.718537414965986671,0,0
HYD,20030604,0.718537414965986671,0.718537414965986671,0.718537414965986671,0.718537414965986671,0,0
HYD,20030605,0.718537414965986671,0.718537414965986671,0.718537414965986671,0.718537414965986671,0,0
HYD,20030606,0.718537414965986671,0.718537414965986671,0.718537414965986671,0.718537414965986671,0,0
HYD,20030609,0.718537414965986671,0.718537414965986671,0.718537414965986671,0.718537414965986671,0,0
HYD,20030610,0.718537414965986671,0.718537414965986671,0.718537414965986671,0.718537414965986671,0,0
HYD,20030611,0.718537414965986671,0.718537414965986671,0.718537414965986671,0.718537414965986671,0,0
HYD,20030612,0.718537414965986671,0.718537414965986671,0.718537414965986671,0.718537414965986671,0,0
HYD,20030613,0.718537414965986671,0.718537414965986671,0.718537414965986671,0.718537414965986671,0,0
HYD,20030616,0.574829931972789337,0.574829931972789337,0.574829931972789337,0.574829931972789337,400,0
HYD,20030617,0.574829931972789337,0.574829931972789337,0.574829931972789337,0.574829931972789337,0,0
HYD,20030618,0.574829931972789337,0.574829931972789337,0.574829931972789337,0.574829931972789337,0,0
HYD,20030619,0.574829931972789337,0.574829931972789337,0.574829931972789337,0.574829931972789337,0,0
HYD,20030620,0.574829931972789337,0.574829931972789337,0.574829931972789337,0.574829931972789337,400,0
HYD,20030623,0.574829931972789337,0.574829931972789337,0.574829931972789337,0.574829931972789337,1187.7,0
HYD,20030624,0.574829931972789337,0.574829931972789337,0.574829931972789337,0.574829931972789337,0,0
HYD,20030625,0.574829931972789337,0.574829931972789337,0.574829931972789337,0.574829931972789337,0,0
HYD,20030626,0.747278911564626138,1.14965986394557867,0.747278911564626138,1.14965986394557867,1170,0
HYD,20030627,1.26462585034013654,1.26462585034013654,1.26462585034013654,1.26462585034013654,67.7,0
HYD,20030630,1.26462585034013654,1.26462585034013654,1.26462585034013654,1.26462585034013654,0,0
HYD,20030701,1.26462585034013654,1.26462585034013654,1.26462585034013654,1.26462585034013654,0,0
HYD,20030702,1.26462585034013654,1.26462585034013654,1.26462585034013654,1.26462585034013654,0,0
HYD,20030703,1.26462585034013654,1.26462585034013654,1.26462585034013654,1.26462585034013654,0,0
HYD,20030704,1.26462585034013654,1.26462585034013654,1.26462585034013654,1.26462585034013654,0,0
HYD,20030707,1.26462585034013654,1.26462585034013654,1.26462585034013654,1.26462585034013654,0,0
HYD,20030708,1.26462585034013654,1.26462585034013654,1.26462585034013654,1.26462585034013654,0,0
HYD,20030709,1.26462585034013654,1.26462585034013654,1.26462585034013654,1.26462585034013654,0,0
HYD,20030710,1.26462585034013654,1.26462585034013654,1.26462585034013654,1.26462585034013654,0,0
HYD,20030711,1.26462585034013654,1.26462585034013654,1.26462585034013654,1.26462585034013654,0,0
HYD,20030714,1.26462585034013654,1.26462585034013654,1.26462585034013654,1.26462585034013654,0,0
HYD,20030715,1.26462585034013654,1.26462585034013654,1.26462585034013654,1.26462585034013654,0,0
HYD,20030716,0.574829931972789337,0.574829931972789337,0.574829931972789337,0.574829931972789337,2100,0
HYD,20030717,0.689795918367347204,0.689795918367347204,0.574829931972789337,0.574829931972789337,1000,0
HYD,20030718,0.574829931972789337,0.574829931972789337,0.574829931972789337,0.574829931972789337,0,0
HYD,20030721,0.574829931972789337,0.574829931972789337,0.574829931972789337,0.574829931972789337,0,0
HYD,20030722,0.574829931972789337,0.574829931972789337,0.574829931972789337,0.574829931972789337,0,0
HYD,20030723,0.574829931972789337,0.574829931972789337,0.574829931972789337,0.574829931972789337,0,0
HYD,20030724,0.862244897959184005,0.919727891156462939,0.862244897959184005,0.919727891156462939,1452.3,0
HYD,20030725,0.919727891156462939,0.919727891156462939,0.919727891156462939,0.919727891156462939,0,0
HYD,20030728,0.919727891156462939,0.919727891156462939,0.919727891156462939,0.919727891156462939,0,0
HYD,20030729,0.919727891156462939,0.919727891156462939,0.919727891156462939,0.919727891156462939,0,0
HYD,20030730,0.919727891156462939,0.919727891156462939,0.919727891156462939,0.919727891156462939,0,0
HYD,20030731,0.919727891156462939,0.919727891156462939,0.919727891156462939,0.919727891156462939,0,0
HYD,20030801,1.20714285714285761,1.20714285714285761,1.20714285714285761,1.20714285714285761,647.7,0
HYD,20030804,1.20714285714285761,1.20714285714285761,1.20714285714285761,1.20714285714285761,0,0
HYD,20030805,1.20714285714285761,1.20714285714285761,1.20714285714285761,1.20714285714285761,0,0
HYD,20030806,1.20714285714285761,1.20714285714285761,1.20714285714285761,1.20714285714285761,0,0
HYD,20030807,1.20714285714285761,1.20714285714285761,1.20714285714285761,1.20714285714285761,0,0
HYD,20030808,1.20714285714285761,1.20714285714285761,1.20714285714285761,1.20714285714285761,0,0
HYD,20030811,1.20714285714285761,1.20714285714285761,1.20714285714285761,1.20714285714285761,0,0
HYD,20030812,1.20714285714285761,1.20714285714285761,1.20714285714285761,1.20714285714285761,0,0
HYD,20030813,1.20714285714285761,1.20714285714285761,1.20714285714285761,1.20714285714285761,0,0
HYD,20030814,1.20714285714285761,1.20714285714285761,1.20714285714285761,1.20714285714285761,0,0
HYD,20030815,1.20714285714285761,1.20714285714285761,1.20714285714285761,1.20714285714285761,0,0
HYD,20030818,0.63231292517006827,0.63231292517006827,0.63231292517006827,0.63231292517006827,800,0
HYD,20030819,0.63231292517006827,0.63231292517006827,0.63231292517006827,0.63231292517006827,0,0
HYD,20030820,0.63231292517006827,0.63231292517006827,0.63231292517006827,0.63231292517006827,0,0
HYD,20030821,0.63231292517006827,0.63231292517006827,0.63231292517006827,0.63231292517006827,0,0
HYD,20030822,0.747278911564626138,0.747278911564626138,0.747278911564626138,0.747278911564626138,600,0
HYD,20030825,0.747278911564626138,0.747278911564626138,0.747278911564626138,0.747278911564626138,0,0
HYD,20030826,0.747278911564626138,0.747278911564626138,0.747278911564626138,0.747278911564626138,0,0
HYD,20030827,0.776020408163265605,0.776020408163265605,0.776020408163265605,0.776020408163265605,1100,0
HYD,20030828,0.776020408163265605,0.776020408163265605,0.776020408163265605,0.776020408163265605,0,0
HYD,20030829,0.776020408163265605,0.776020408163265605,0.776020408163265605,0.776020408163265605,0,0
HYD,20030901,0.776020408163265605,0.776020408163265605,0.776020408163265605,0.776020408163265605,0,0
HYD,20030902,0.776020408163265605,0.776020408163265605,0.776020408163265605,0.776020408163265605,0,0
HYD,20030903,0.776020408163265605,0.776020408163265605,0.776020408163265605,0.776020408163265605,0,0
HYD,20030904,0.776020408163265605,0.776020408163265605,0.776020408163265605,0.776020408163265605,0,0
HYD,20030905,0.776020408163265605,0.776020408163265605,0.776020408163265605,0.776020408163265605,0,0
HYD,20030908,0.804761904761905071,0.804761904761905071,0.804761904761905071,0.804761904761905071,400,0
HYD,20030909,0.804761904761905071,0.804761904761905071,0.804761904761905071,0.804761904761905071,0,0
HYD,20030910,0.804761904761905071,0.804761904761905071,0.804761904761905071,0.804761904761905071,0,0
HYD,20030911,0.890986394557823472,0.919727891156462939,0.890986394557823472,0.919727891156462939,5222.3,0
HYD,20030912,0.919727891156462939,0.919727891156462939,0.919727891156462939,0.919727891156462939,377.7,0
HYD,20030915,0.919727891156462939,0.919727891156462939,0.919727891156462939,0.919727891156462939,722.3,0
HYD,20030916,0.919727891156462939,0.919727891156462939,0.919727891156462939,0.919727891156462939,0,0
HYD,20030917,0.919727891156462939,0.919727891156462939,0.919727891156462939,0.919727891156462939,0,0
HYD,20030918,0.919727891156462939,0.919727891156462939,0.919727891156462939,0.919727891156462939,0,0
HYD,20030919,0.919727891156462939,0.919727891156462939,0.919727891156462939,0.919727891156462939,0,0
HYD,20030922,0.919727891156462939,0.919727891156462939,0.919727891156462939,0.919727891156462939,0,0
HYD,20030923,0.919727891156462939,0.919727891156462939,0.919727891156462939,0.919727891156462939,0,0
HYD,20030924,0.919727891156462939,0.919727891156462939,0.919727891156462939,0.919727891156462939,0,0
HYD,20030925,0.919727891156462939,0.919727891156462939,0.919727891156462939,0.919727891156462939,0,0
HYD,20030926,0.919727891156462939,0.919727891156462939,0.919727891156462939,0.919727891156462939,0,0
HYD,20030929,0.919727891156462939,0.919727891156462939,0.919727891156462939,0.919727891156462939,0,0
HYD,20030930,0.919727891156462939,0.919727891156462939,0.919727891156462939,0.919727891156462939,0,0
HYD,20031001,0.977210884353741872,0.977210884353741872,0.977210884353741872,0.977210884353741872,400,0
HYD,20031002,0.977210884353741872,0.977210884353741872,0.977210884353741872,0.977210884353741872,0,0
HYD,20031003,0.977210884353741872,0.977210884353741872,0.977210884353741872,0.977210884353741872,0,0
HYD,20031006,0.977210884353741872,0.977210884353741872,0.977210884353741872,0.977210884353741872,0,0
HYD,20031007,0.977210884353741872,0.977210884353741872,0.977210884353741872,0.977210884353741872,0,0
HYD,20031008,0.977210884353741872,0.977210884353741872,0.977210884353741872,0.977210884353741872,0,0
HYD,20031009,0.977210884353741872,0.977210884353741872,0.977210884353741872,0.977210884353741872,0,0
HYD,20031010,0.948469387755102406,0.948469387755102406,0.948469387755102406,0.948469387755102406,777.7,0
HYD,20031013,0.948469387755102406,0.948469387755102406,0.948469387755102406,0.948469387755102406,0,0
HYD,20031014,0.948469387755102406,0.948469387755102406,0.948469387755102406,0.948469387755102406,0,0
HYD,20031015,0.948469387755102406,0.948469387755102406,0.948469387755102406,0.948469387755102406,0,0
HYD,20031016,0.948469387755102406,0.948469387755102406,0.948469387755102406,0.948469387755102406,0,0
HYD,20031017,0.948469387755102406,0.948469387755102406,0.948469387755102406,0.948469387755102406,0,0
HYD,20031020,0.948469387755102406,0.948469387755102406,0.948469387755102406,0.948469387755102406,0,0
HYD,20031021,0.948469387755102406,0.948469387755102406,0.948469387755102406,0.948469387755102406,0,0
HYD,20031022,0.948469387755102406,0.948469387755102406,0.948469387755102406,0.948469387755102406,0,0
HYD,20031023,0.948469387755102406,0.948469387755102406,0.948469387755102406,0.948469387755102406,0,0
HYD,20031024,0.919727891156462939,0.919727891156462939,0.919727891156462939,0.919727891156462939,900,0
HYD,20031027,0.919727891156462939,0.919727891156462939,0.919727891156462939,0.919727891156462939,0,0
HYD,20031028,0.63231292517006827,0.63231292517006827,0.63231292517006827,0.63231292517006827,222.3,0
HYD,20031029,0.63231292517006827,0.63231292517006827,0.63231292517006827,0.63231292517006827,0,0
HYD,20031030,0.63231292517006827,0.63231292517006827,0.63231292517006827,0.63231292517006827,0,0
HYD,20031031,0.63231292517006827,0.63231292517006827,0.63231292517006827,0.63231292517006827,0,0
HYD,20031103,0.63231292517006827,0.63231292517006827,0.63231292517006827,0.63231292517006827,1000,0
HYD,20031104,0.63231292517006827,0.63231292517006827,0.63231292517006827,0.63231292517006827,0,0
HYD,20031105,0.63231292517006827,0.63231292517006827,0.63231292517006827,0.63231292517006827,0,0
HYD,20031106,0.63231292517006827,0.63231292517006827,0.63231292517006827,0.63231292517006827,0,0
HYD,20031107,0.63231292517006827,0.63231292517006827,0.63231292517006827,0.63231292517006827,0,0
HYD,20031110,0.63231292517006827,0.63231292517006827,0.63231292517006827,0.63231292517006827,0,0
HYD,20031111,0.63231292517006827,0.63231292517006827,0.63231292517006827,0.63231292517006827,0,0
HYD,20031112,0.63231292517006827,0.63231292517006827,0.63231292517006827,0.63231292517006827,0,0
HYD,20031113,0.63231292517006827,0.63231292517006827,0.63231292517006827,0.63231292517006827,0,0
HYD,20031114,0.63231292517006827,0.63231292517006827,0.63231292517006827,0.63231292517006827,0,0
HYD,20031117,0.862244897959184005,0.919727891156462939,0.862244897959184005,0.919727891156462939,1014,0
HYD,20031118,0.919727891156462939,0.919727891156462939,0.919727891156462939,0.919727891156462939,386,0
HYD,20031119,0.919727891156462939,0.919727891156462939,0.919727891156462939,0.919727891156462939,0,0
HYD,20031120,0.919727891156462939,0.919727891156462939,0.919727891156462939,0.919727891156462939,0,0
HYD,20031121,0.919727891156462939,0.919727891156462939,0.919727891156462939,0.919727891156462939,0,0
HYD,20031124,0.919727891156462939,0.919727891156462939,0.919727891156462939,0.919727891156462939,0,0
HYD,20031125,0.919727891156462939,0.919727891156462939,0.919727891156462939,0.919727891156462939,0,0
HYD,20031126,0.919727891156462939,0.919727891156462939,0.919727891156462939,0.919727891156462939,1489,0
HYD,20031127,0.919727891156462939,0.919727891156462939,0.919727891156462939,0.919727891156462939,0,0
HYD,20031128,0.919727891156462939,0.919727891156462939,0.919727891156462939,0.919727891156462939,0,0
HYD,20031201,0.919727891156462939,0.919727891156462939,0.919727891156462939,0.919727891156462939,0,0
HYD,20031202,0.919727891156462939,0.919727891156462939,0.919727891156462939,0.919727891156462939,0,0
HYD,20031203,0.919727891156462939,0.919727891156462939,0.919727891156462939,0.919727891156462939,0,0
HYD,20031204,0.919727891156462939,0.919727891156462939,0.919727891156462939,0.919727891156462939,0,0
HYD,20031205,0.919727891156462939,0.919727891156462939,0.919727891156462939,0.919727891156462939,0,0
HYD,20031208,0.919727891156462939,0.919727891156462939,0.919727891156462939,0.919727891156462939,0,0
HYD,20031209,0.919727891156462939,0.919727891156462939,0.919727891156462939,0.919727891156462939,0,0
HYD,20031210,0.919727891156462939,0.919727891156462939,0.919727891156462939,0.919727891156462939,0,0
HYD,20031211,0.919727891156462939,0.919727891156462939,0.919727891156462939,0.919727891156462939,0,0
HYD,20031212,0.919727891156462939,0.919727891156462939,0.919727891156462939,0.919727891156462939,0,0
HYD,20031215,0.919727891156462939,0.919727891156462939,0.919727891156462939,0.919727891156462939,1500,0
HYD,20031216,0.977210884353741872,0.977210884353741872,0.977210884353741872,0.977210884353741872,500,0
HYD,20031217,0.977210884353741872,0.977210884353741872,0.977210884353741872,0.977210884353741872,0,0
HYD,20031218,0.977210884353741872,0.977210884353741872,0.977210884353741872,0.977210884353741872,0,0
HYD,20031219,0.977210884353741872,0.977210884353741872,0.977210884353741872,0.977210884353741872,0,0
HYD,20031222,0.977210884353741872,0.977210884353741872,0.977210884353741872,0.977210884353741872,0,0
HYD,20031223,0.948469387755102406,0.977210884353741872,0.948469387755102406,0.977210884353741872,3004.6,0
HYD,20031224,0.977210884353741872,0.977210884353741872,0.977210884353741872,0.977210884353741872,0,0
HYD,20031225,0.977210884353741872,0.977210884353741872,0.977210884353741872,0.977210884353741872,0,0
HYD,20031226,0.977210884353741872,0.977210884353741872,0.977210884353741872,0.977210884353741872,0,0
HYD,20031229,0.977210884353741872,0.977210884353741872,0.977210884353741872,0.977210884353741872,0,0
HYD,20031230,1.03469387755102081,1.14965986394557867,1.03469387755102081,1.14965986394557867,1514,0
HYD,20031231,1.14965986394557867,1.14965986394557867,1.14965986394557867,1.14965986394557867,0,0
HYD,20040101,1.14965986394557867,1.14965986394557867,1.14965986394557867,1.14965986394557867,0,0
HYD,20040102,1.14965986394557867,1.14965986394557867,1.14965986394557867,1.14965986394557867,0,0
HYD,20040105,1.14965986394557867,1.14965986394557867,1.14965986394557867,1.14965986394557867,2986,0
HYD,20040106,1.14965986394557867,1.14965986394557867,1.14965986394557867,1.14965986394557867,0,0
HYD,20040107,1.14965986394557867,1.14965986394557867,1.14965986394557867,1.14965986394557867,0,0
HYD,20040108,1.14965986394557867,1.14965986394557867,1.14965986394557867,1.14965986394557867,0,0
HYD,20040109,1.14965986394557867,1.14965986394557867,1.14965986394557867,1.14965986394557867,0,0
HYD,20040112,1.14965986394557867,1.14965986394557867,1.14965986394557867,1.14965986394557867,0,0
HYD,20040113,0.977210884353741872,0.977210884353741872,0.977210884353741872,0.977210884353741872,955.5,0
HYD,20040114,0.977210884353741872,0.977210884353741872,0.977210884353741872,0.977210884353741872,0,0
HYD,20040115,0.977210884353741872,0.977210884353741872,0.977210884353741872,0.977210884353741872,290,0
HYD,20040116,0.977210884353741872,0.977210884353741872,0.977210884353741872,0.977210884353741872,400,0
HYD,20040119,0.977210884353741872,0.977210884353741872,0.977210884353741872,0.977210884353741872,0,0
HYD,20040120,0.977210884353741872,0.977210884353741872,0.977210884353741872,0.977210884353741872,0,0
HYD,20040121,0.977210884353741872,0.977210884353741872,0.977210884353741872,0.977210884353741872,349.9,0
HYD,20040122,0.977210884353741872,0.977210884353741872,0.977210884353741872,0.977210884353741872,0,0
HYD,20040123,0.977210884353741872,0.977210884353741872,0.977210884353741872,0.977210884353741872,0,0
HYD,20040126,0.977210884353741872,0.977210884353741872,0.977210884353741872,0.977210884353741872,0,0
HYD,20040127,0.977210884353741872,0.977210884353741872,0.977210884353741872,0.977210884353741872,0,0
HYD,20040128,0.977210884353741872,0.977210884353741872,0.977210884353741872,0.977210884353741872,0,0
HYD,20040129,0.977210884353741872,0.977210884353741872,0.977210884353741872,0.977210884353741872,0,0
HYD,20040130,0.977210884353741872,0.977210884353741872,0.977210884353741872,0.977210884353741872,0,0
HYD,20040202,0.977210884353741872,0.977210884353741872,0.977210884353741872,0.977210884353741872,0,0
HYD,20040203,0.977210884353741872,1.09217687074829974,0.977210884353741872,1.09217687074829974,5000,0
HYD,20040204,1.09217687074829974,1.09217687074829974,1.03469387755102081,1.03469387755102081,2980,0
HYD,20040205,1.14965986394557867,1.14965986394557867,1.14965986394557867,1.14965986394557867,2369.1,0
HYD,20040206,1.14965986394557867,1.14965986394557867,1.14965986394557867,1.14965986394557867,0,0
HYD,20040209,1.60952380952381014,1.72448979591836801,1.60952380952381014,1.72448979591836801,2170,0
HYD,20040210,1.75323129251700748,1.83945578231292588,1.72448979591836801,1.72448979591836801,6480,0
HYD,20040211,1.89693877551020481,2.18435374149659948,1.89693877551020481,2.18435374149659948,3925,0
HYD,20040212,2.29931972789115735,2.29931972789115735,2.15561224489796001,2.29931972789115735,5600,0
HYD,20040213,2.29931972789115735,2.41428571428571521,2.29931972789115735,2.41428571428571521,1717.5,0
HYD,20040216,2.50051020408163361,2.50051020408163361,2.47176870748299415,2.47176870748299415,1250,0
HYD,20040217,2.47176870748299415,2.50051020408163361,2.29931972789115735,2.29931972789115735,4970,0
HYD,20040218,2.29931972789115735,2.50051020408163361,2.24183673469387841,2.50051020408163361,6330,0
HYD,20040219,2.29931972789115735,2.29931972789115735,2.29931972789115735,2.29931972789115735,4507.5,0
HYD,20040220,2.29931972789115735,2.29931972789115735,2.24183673469387841,2.24183673469387841,2000,0
HYD,20040223,2.18435374149659948,2.18435374149659948,2.06938775510204161,2.06938775510204161,1200,0
HYD,20040224,2.06938775510204161,2.06938775510204161,2.06938775510204161,2.06938775510204161,0,0
HYD,20040225,2.06938775510204161,2.06938775510204161,2.06938775510204161,2.06938775510204161,800,0
HYD,20040226,2.06938775510204161,2.06938775510204161,1.89693877551020481,1.89693877551020481,1700,0
HYD,20040227,1.89693877551020481,1.89693877551020481,1.89693877551020481,1.89693877551020481,0,0
HYD,20040301,1.89693877551020481,1.89693877551020481,1.89693877551020481,1.89693877551020481,0,0
HYD,20040302,1.89693877551020481,1.89693877551020481,1.89693877551020481,1.89693877551020481,0,0
HYD,20040303,2.01190476190476268,2.01190476190476268,2.01190476190476268,2.01190476190476268,400,0
HYD,20040304,2.01190476190476268,2.01190476190476268,2.01190476190476268,2.01190476190476268,0,0
HYD,20040305,2.06938775510204161,2.06938775510204161,2.06938775510204161,2.06938775510204161,2500,0
HYD,20040308,2.06938775510204161,2.06938775510204161,2.06938775510204161,2.06938775510204161,400,0
HYD,20040309,2.18435374149659948,2.52925170068027308,2.18435374149659948,2.52925170068027308,5937.5,0
HYD,20040310,2.52925170068027308,2.52925170068027308,2.50051020408163361,2.52925170068027308,2462.5,0
HYD,20040311,2.52925170068027308,2.52925170068027308,2.52925170068027308,2.52925170068027308,0,0
HYD,20040312,2.47176870748299415,2.52925170068027308,2.47176870748299415,2.52925170068027308,5000,0
HYD,20040315,2.52925170068027308,2.52925170068027308,2.52925170068027308,2.52925170068027308,0,0
HYD,20040316,2.29931972789115735,2.29931972789115735,2.29931972789115735,2.29931972789115735,1000,0
HYD,20040317,2.52925170068027308,2.52925170068027308,2.41428571428571521,2.52925170068027308,11766.5,0
HYD,20040318,2.52925170068027308,2.52925170068027308,2.52925170068027308,2.52925170068027308,1033.5,0
HYD,20040319,2.52925170068027308,2.52925170068027308,2.52925170068027308,2.52925170068027308,3216.5,0
HYD,20040322,2.70170068027210988,2.75918367346938882,2.70170068027210988,2.75918367346938882,882.5,0
HYD,20040323,2.81666666666666775,2.81666666666666775,2.81666666666666775,2.81666666666666775,2000,0
HYD,20040324,2.81666666666666775,2.87414965986394668,2.81666666666666775,2.87414965986394668,1800,0
HYD,20040325,2.87414965986394668,2.98911564625850455,2.75918367346938882,2.75918367346938882,6417.5,0
HYD,20040326,2.87414965986394668,2.87414965986394668,2.87414965986394668,2.87414965986394668,1200,0
HYD,20040329,2.87414965986394668,2.87414965986394668,2.87414965986394668,2.87414965986394668,0,0
HYD,20040330,2.98911564625850455,3.16156462585034135,2.98911564625850455,3.16156462585034135,5000,0
HYD,20040331,3.04659863945578348,3.16156462585034135,2.75918367346938882,3.16156462585034135,4332.5,0
HYD,20040401,3.16156462585034135,3.16156462585034135,3.16156462585034135,3.16156462585034135,0,0
HYD,20040402,3.27653061224489922,3.39149659863945709,3.16156462585034135,3.39149659863945709,4000,0
HYD,20040405,3.16156462585034135,3.16156462585034135,3.16156462585034135,3.16156462585034135,50.8,0
HYD,20040406,3.16156462585034135,3.16156462585034135,3.16156462585034135,3.16156462585034135,0,0
HYD,20040407,3.16156462585034135,3.16156462585034135,3.16156462585034135,3.16156462585034135,0,0
HYD,20040408,3.16156462585034135,3.44897959183673602,3.16156462585034135,3.16156462585034135,4300,0
HYD,20040409,3.16156462585034135,3.16156462585034135,3.16156462585034135,3.16156462585034135,0,0
HYD,20040412,3.16156462585034135,3.16156462585034135,3.16156462585034135,3.16156462585034135,0,0
HYD,20040413,3.39149659863945709,3.39149659863945709,3.39149659863945709,3.39149659863945709,16450,0
HYD,20040414,3.39149659863945709,3.39149659863945709,3.39149659863945709,3.39149659863945709,3200,0
HYD,20040415,3.39149659863945709,3.44897959183673602,3.39149659863945709,3.44897959183673602,3154.2,0
HYD,20040416,3.44897959183673602,3.44897959183673602,3.27653061224489922,3.44897959183673602,6400,0
HYD,20040419,3.44897959183673602,3.44897959183673602,3.44897959183673602,3.44897959183673602,0,0
HYD,20040420,3.44897959183673602,3.44897959183673602,3.44897959183673602,3.44897959183673602,0,0
HYD,20040421,3.44897959183673602,3.44897959183673602,3.44897959183673602,3.44897959183673602,0,0
HYD,20040422,3.16156462585034135,3.16156462585034135,3.16156462585034135,3.16156462585034135,700,0
HYD,20040423,2.87414965986394668,2.87414965986394668,2.52925170068027308,2.52925170068027308,3000,0
HYD,20040426,2.93163265306122562,2.93163265306122562,2.93163265306122562,2.93163265306122562,50,0
HYD,20040427,2.93163265306122562,2.93163265306122562,2.93163265306122562,2.93163265306122562,0,0
HYD,20040428,2.93163265306122562,2.93163265306122562,2.93163265306122562,2.93163265306122562,0,0
HYD,20040429,2.93163265306122562,2.93163265306122562,2.93163265306122562,2.93163265306122562,0,0
HYD,20040430,2.93163265306122562,2.93163265306122562,2.93163265306122562,2.93163265306122562,0,0
HYD,20040503,2.93163265306122562,2.93163265306122562,2.93163265306122562,2.93163265306122562,0,0
HYD,20040504,2.58673469387755202,2.58673469387755202,2.58673469387755202,2.58673469387755202,400,0
HYD,20040505,2.58673469387755202,2.75918367346938882,2.58673469387755202,2.75918367346938882,2900,0
HYD,20040506,2.75918367346938882,2.75918367346938882,2.75918367346938882,2.75918367346938882,0,0
HYD,20040507,2.75918367346938882,2.75918367346938882,2.75918367346938882,2.75918367346938882,0,0
HYD,20040510,2.75918367346938882,2.75918367346938882,2.75918367346938882,2.75918367346938882,0,0
HYD,20040511,2.75918367346938882,2.75918367346938882,2.75918367346938882,2.75918367346938882,0,0
HYD,20040512,2.75918367346938882,2.75918367346938882,2.75918367346938882,2.75918367346938882,0,0
HYD,20040513,2.73044217687074935,2.73044217687074935,2.73044217687074935,2.73044217687074935,600,0
HYD,20040514,2.73044217687074935,2.73044217687074935,2.73044217687074935,2.73044217687074935,0,0
HYD,20040517,2.73044217687074935,2.73044217687074935,2.73044217687074935,2.73044217687074935,0,0
HYD,20040518,2.73044217687074935,2.73044217687074935,2.73044217687074935,2.73044217687074935,0,0
HYD,20040519,2.73044217687074935,2.73044217687074935,2.73044217687074935,2.73044217687074935,0,0
HYD,20040520,2.73044217687074935,2.73044217687074935,2.73044217687074935,2.73044217687074935,0,0
HYD,20040521,2.52925170068027308,2.52925170068027308,2.41428571428571521,2.41428571428571521,2500,0
HYD,20040524,2.41428571428571521,2.41428571428571521,2.41428571428571521,2.41428571428571521,0,0
HYD,20040525,2.41428571428571521,2.41428571428571521,2.41428571428571521,2.41428571428571521,0,0
HYD,20040526,2.41428571428571521,2.41428571428571521,2.41428571428571521,2.41428571428571521,0,0
HYD,20040527,2.41428571428571521,2.41428571428571521,2.41428571428571521,2.41428571428571521,0,0
HYD,20040528,2.41428571428571521,2.41428571428571521,2.41428571428571521,2.41428571428571521,0,0
HYD,20040531,2.41428571428571521,2.41428571428571521,2.41428571428571521,2.41428571428571521,400,0
HYD,20040601,2.47176870748299415,2.58673469387755202,2.47176870748299415,2.58673469387755202,4000,0
HYD,20040602,2.58673469387755202,2.87414965986394668,2.58673469387755202,2.87414965986394668,1966,0
HYD,20040603,2.98911564625850455,2.98911564625850455,2.98911564625850455,2.98911564625850455,600,0
HYD,20040604,2.98911564625850455,3.33401360544217815,2.98911564625850455,3.33401360544217815,1900,0
HYD,20040607,3.33401360544217815,3.33401360544217815,3.33401360544217815,3.33401360544217815,0,0
HYD,20040608,3.33401360544217815,3.33401360544217815,3.33401360544217815,3.33401360544217815,100,0
HYD,20040609,3.33401360544217815,3.39149659863945709,3.33401360544217815,3.39149659863945709,1000,0
HYD,20040610,3.39149659863945709,3.39149659863945709,3.39149659863945709,3.39149659863945709,0,0
HYD,20040611,3.39149659863945709,3.39149659863945709,3.39149659863945709,3.39149659863945709,0,0
HYD,20040614,3.39149659863945709,3.39149659863945709,3.39149659863945709,3.39149659863945709,0,0
HYD,20040615,3.39149659863945709,3.39149659863945709,3.39149659863945709,3.39149659863945709,0,0
HYD,20040616,3.39149659863945709,3.39149659863945709,3.39149659863945709,3.39149659863945709,0,0
HYD,20040617,3.39149659863945709,3.39149659863945709,3.39149659863945709,3.39149659863945709,0,0
HYD,20040618,2.47176870748299415,2.47176870748299415,2.47176870748299415,2.47176870748299415,0,0
HYD,20040621,2.47176870748299415,2.47176870748299415,2.47176870748299415,2.47176870748299415,0,0
HYD,20040622,2.98911564625850455,2.98911564625850455,2.98911564625850455,2.98911564625850455,500,0
HYD,20040623,2.98911564625850455,2.98911564625850455,2.98911564625850455,2.98911564625850455,0,0
HYD,20040624,2.98911564625850455,2.98911564625850455,2.98911564625850455,2.98911564625850455,0,0
HYD,20040625,2.52925170068027308,2.52925170068027308,2.47176870748299415,2.47176870748299415,1250,0
HYD,20040628,2.47176870748299415,2.47176870748299415,2.47176870748299415,2.47176870748299415,0,0
HYD,20040629,2.47176870748299415,2.47176870748299415,2.35680272108843628,2.35680272108843628,1000,0
HYD,20040630,2.35680272108843628,2.35680272108843628,2.35680272108843628,2.35680272108843628,0,0
HYD,20040701,2.35680272108843628,2.35680272108843628,2.35680272108843628,2.35680272108843628,0,0
HYD,20040702,2.47176870748299415,2.47176870748299415,2.29931972789115735,2.29931972789115735,3999.7,0
HYD,20040705,2.41428571428571521,2.70170068027210988,2.41428571428571521,2.64421768707483095,11132,0
HYD,20040706,2.58673469387755202,2.58673469387755202,2.58673469387755202,2.58673469387755202,3934.2,0
HYD,20040707,2.58673469387755202,2.58673469387755202,2.58673469387755202,2.58673469387755202,0,0
HYD,20040708,2.58673469387755202,2.58673469387755202,2.58673469387755202,2.58673469387755202,0,0
HYD,20040709,2.61547619047619148,2.64421768707483095,2.61547619047619148,2.64421768707483095,1900,0
HYD,20040712,2.64421768707483095,2.64421768707483095,2.64421768707483095,2.64421768707483095,0,0
HYD,20040713,2.61547619047619148,2.61547619047619148,2.61547619047619148,2.61547619047619148,1499.3,0
HYD,20040714,2.58673469387755202,2.58673469387755202,2.58673469387755202,2.58673469387755202,1000,0
HYD,20040715,2.58673469387755202,2.58673469387755202,2.58673469387755202,2.58673469387755202,0,0
HYD,20040716,2.47176870748299415,2.47176870748299415,2.47176870748299415,2.47176870748299415,4600,0
HYD,20040719,2.47176870748299415,2.47176870748299415,2.47176870748299415,2.47176870748299415,0,0
HYD,20040720,2.47176870748299415,2.47176870748299415,2.47176870748299415,2.47176870748299415,0,0
HYD,20040721,2.47176870748299415,2.47176870748299415,2.47176870748299415,2.47176870748299415,0,0
HYD,20040722,2.58673469387755202,2.58673469387755202,2.58673469387755202,2.58673469387755202,2933.3,0
HYD,20040723,2.70170068027210988,2.70170068027210988,2.70170068027210988,2.70170068027210988,800,0
HYD,20040726,2.70170068027210988,2.70170068027210988,2.70170068027210988,2.70170068027210988,0,0
HYD,20040727,2.70170068027210988,2.70170068027210988,2.70170068027210988,2.70170068027210988,0,0
HYD,20040728,2.70170068027210988,2.70170068027210988,2.70170068027210988,2.70170068027210988,0,0
HYD,20040729,2.70170068027210988,2.70170068027210988,2.70170068027210988,2.70170068027210988,0,0
HYD,20040730,2.70170068027210988,2.70170068027210988,2.70170068027210988,2.70170068027210988,0,0
HYD,20040802,2.70170068027210988,2.70170068027210988,2.70170068027210988,2.70170068027210988,66.7,0
HYD,20040803,2.58673469387755202,2.58673469387755202,2.29931972789115735,2.29931972789115735,2633.3,0
HYD,20040804,2.29931972789115735,2.29931972789115735,2.29931972789115735,2.29931972789115735,0,0
HYD,20040805,2.29931972789115735,2.29931972789115735,2.29931972789115735,2.29931972789115735,1500,0
HYD,20040806,2.64421768707483095,2.64421768707483095,2.64421768707483095,2.64421768707483095,2600,0
HYD,20040809,2.64421768707483095,2.64421768707483095,2.64421768707483095,2.64421768707483095,0,0
HYD,20040810,2.52925170068027308,2.52925170068027308,2.52925170068027308,2.52925170068027308,220,0
HYD,20040811,2.52925170068027308,2.52925170068027308,2.52925170068027308,2.52925170068027308,0,0
HYD,20040812,2.52925170068027308,2.52925170068027308,2.52925170068027308,2.52925170068027308,0,0
HYD,20040813,2.52925170068027308,2.58673469387755202,2.52925170068027308,2.58673469387755202,8740,0
HYD,20040816,2.58673469387755202,2.58673469387755202,2.58673469387755202,2.58673469387755202,3750,0
HYD,20040817,2.58673469387755202,2.58673469387755202,2.58673469387755202,2.58673469387755202,396.6,0
HYD,20040818,2.58673469387755202,2.58673469387755202,2.58673469387755202,2.58673469387755202,0,0
HYD,20040819,2.58673469387755202,2.58673469387755202,2.58673469387755202,2.58673469387755202,0,0
HYD,20040820,2.58673469387755202,2.58673469387755202,2.58673469387755202,2.58673469387755202,0,0
HYD,20040823,2.58673469387755202,2.58673469387755202,2.58673469387755202,2.58673469387755202,0,0
HYD,20040824,2.58673469387755202,2.58673469387755202,2.58673469387755202,2.58673469387755202,0,0
HYD,20040825,2.58673469387755202,2.58673469387755202,2.58673469387755202,2.58673469387755202,0,0
HYD,20040826,2.58673469387755202,2.58673469387755202,2.58673469387755202,2.58673469387755202,0,0
HYD,20040827,2.58673469387755202,2.58673469387755202,2.58673469387755202,2.58673469387755202,0,0
HYD,20040830,2.58673469387755202,2.58673469387755202,2.58673469387755202,2.58673469387755202,0,0
HYD,20040831,2.52925170068027308,2.52925170068027308,2.52925170068027308,2.52925170068027308,700,0
HYD,20040901,2.47176870748299415,2.47176870748299415,2.24183673469387841,2.24183673469387841,900,0
HYD,20040902,2.24183673469387841,2.24183673469387841,2.24183673469387841,2.24183673469387841,0,0
HYD,20040903,2.24183673469387841,2.24183673469387841,2.24183673469387841,2.24183673469387841,0,0
HYD,20040906,2.24183673469387841,2.24183673469387841,2.24183673469387841,2.24183673469387841,0,0
HYD,20040907,2.29931972789115735,2.29931972789115735,2.29931972789115735,2.29931972789115735,1000,0
HYD,20040908,2.29931972789115735,2.29931972789115735,2.29931972789115735,2.29931972789115735,0,0
HYD,20040909,2.29931972789115735,2.29931972789115735,2.29931972789115735,2.29931972789115735,0,0
HYD,20040910,2.29931972789115735,2.29931972789115735,2.29931972789115735,2.29931972789115735,0,0
HYD,20040913,2.29931972789115735,2.29931972789115735,2.29931972789115735,2.29931972789115735,0,0
HYD,20040914,2.29931972789115735,2.29931972789115735,2.29931972789115735,2.29931972789115735,0,0
HYD,20040915,2.29931972789115735,2.29931972789115735,2.29931972789115735,2.29931972789115735,0,0
HYD,20040916,2.29931972789115735,2.29931972789115735,2.29931972789115735,2.29931972789115735,0,0
HYD,20040917,2.29931972789115735,2.29931972789115735,2.29931972789115735,2.29931972789115735,0,0
HYD,20040920,2.29931972789115735,2.29931972789115735,2.29931972789115735,2.29931972789115735,0,0
HYD,20040921,2.29931972789115735,2.29931972789115735,2.29931972789115735,2.29931972789115735,0,0
HYD,20040922,2.24183673469387841,2.24183673469387841,2.24183673469387841,2.24183673469387841,200,0
HYD,20040923,2.24183673469387841,2.24183673469387841,2.24183673469387841,2.24183673469387841,0,0
HYD,20040924,2.24183673469387841,2.24183673469387841,2.24183673469387841,2.24183673469387841,0,0
HYD,20040927,2.24183673469387841,2.24183673469387841,2.24183673469387841,2.24183673469387841,0,0
HYD,20040928,2.24183673469387841,2.24183673469387841,2.24183673469387841,2.24183673469387841,0,0
HYD,20040929,2.24183673469387841,2.24183673469387841,2.24183673469387841,2.24183673469387841,0,0
HYD,20040930,2.24183673469387841,2.24183673469387841,2.24183673469387841,2.24183673469387841,0,0
HYD,20041001,2.24183673469387841,2.24183673469387841,2.24183673469387841,2.24183673469387841,0,0
HYD,20041004,2.24183673469387841,2.24183673469387841,2.24183673469387841,2.24183673469387841,0,0
HYD,20041005,2.24183673469387841,2.24183673469387841,2.24183673469387841,2.24183673469387841,0,0
HYD,20041006,2.24183673469387841,2.24183673469387841,2.24183673469387841,2.24183673469387841,0,0
HYD,20041007,2.24183673469387841,2.24183673469387841,2.24183673469387841,2.24183673469387841,0,0
HYD,20041008,1.72448979591836801,1.72448979591836801,1.72448979591836801,1.72448979591836801,1000,0
HYD,20041011,1.72448979591836801,1.72448979591836801,1.72448979591836801,1.72448979591836801,0,0
HYD,20041012,1.72448979591836801,1.72448979591836801,1.72448979591836801,1.72448979591836801,0,0
HYD,20041013,1.72448979591836801,1.72448979591836801,1.72448979591836801,1.72448979591836801,0,0
HYD,20041014,1.72448979591836801,1.72448979591836801,1.72448979591836801,1.72448979591836801,0,0
HYD,20041015,1.72448979591836801,1.72448979591836801,1.72448979591836801,1.72448979591836801,0,0
HYD,20041018,1.72448979591836801,1.72448979591836801,1.72448979591836801,1.72448979591836801,0,0
HYD,20041019,1.72448979591836801,1.72448979591836801,1.72448979591836801,1.72448979591836801,0,0
HYD,20041020,1.72448979591836801,1.72448979591836801,1.72448979591836801,1.72448979591836801,0,0
HYD,20041021,1.72448979591836801,1.72448979591836801,1.72448979591836801,1.72448979591836801,0,0
HYD,20041022,1.72448979591836801,1.72448979591836801,1.72448979591836801,1.72448979591836801,0,0
HYD,20041025,1.72448979591836801,1.72448979591836801,1.72448979591836801,1.72448979591836801,0,0
HYD,20041026,1.72448979591836801,1.72448979591836801,1.72448979591836801,1.72448979591836801,0,0
HYD,20041027,1.72448979591836801,1.72448979591836801,1.72448979591836801,1.72448979591836801,0,0
HYD,20041028,1.72448979591836801,1.72448979591836801,1.72448979591836801,1.72448979591836801,6500,0
HYD,20041029,1.72448979591836801,1.72448979591836801,1.72448979591836801,1.72448979591836801,1200,0
HYD,20041101,1.72448979591836801,1.72448979591836801,1.72448979591836801,1.72448979591836801,0,0
HYD,20041102,1.72448979591836801,1.72448979591836801,1.72448979591836801,1.72448979591836801,0,0
HYD,20041103,1.72448979591836801,1.72448979591836801,1.72448979591836801,1.72448979591836801,0,0
HYD,20041104,1.72448979591836801,1.72448979591836801,1.72448979591836801,1.72448979591836801,0,0
HYD,20041105,1.72448979591836801,1.72448979591836801,1.72448979591836801,1.72448979591836801,0,0
HYD,20041108,1.72448979591836801,1.72448979591836801,1.72448979591836801,1.72448979591836801,0,0
HYD,20041109,1.72448979591836801,1.72448979591836801,1.72448979591836801,1.72448979591836801,0,0
HYD,20041110,1.72448979591836801,1.72448979591836801,1.72448979591836801,1.72448979591836801,0,0
HYD,20041111,1.72448979591836801,1.72448979591836801,1.72448979591836801,1.72448979591836801,0,0
HYD,20041112,1.72448979591836801,1.72448979591836801,1.72448979591836801,1.72448979591836801,0,0
HYD,20041115,1.72448979591836801,1.72448979591836801,1.72448979591836801,1.72448979591836801,0,0
HYD,20041116,1.72448979591836801,1.72448979591836801,1.72448979591836801,1.72448979591836801,0,0
HYD,20041117,1.72448979591836801,1.72448979591836801,1.72448979591836801,1.72448979591836801,0,0
HYD,20041118,1.72448979591836801,1.72448979591836801,1.72448979591836801,1.72448979591836801,0,0
HYD,20041119,1.72448979591836801,1.72448979591836801,1.72448979591836801,1.72448979591836801,0,0
HYD,20041122,1.72448979591836801,1.72448979591836801,1.72448979591836801,1.72448979591836801,0,0
HYD,20041123,1.14965986394557867,1.37959183673469441,1.03469387755102081,1.37959183673469441,13233.3,0
HYD,20041124,1.09217687074829974,1.09217687074829974,1.09217687074829974,1.09217687074829974,2500,0
HYD,20041125,1.09217687074829974,1.09217687074829974,1.03469387755102081,1.03469387755102081,2500,0
HYD,20041126,1.03469387755102081,1.03469387755102081,1.03469387755102081,1.03469387755102081,0,0
HYD,20041129,1.37959183673469441,1.37959183673469441,1.37959183673469441,1.37959183673469441,3800,0
HYD,20041130,1.32210884353741547,1.32210884353741547,1.32210884353741547,1.32210884353741547,4000,0
HYD,20041201,1.32210884353741547,1.37959183673469441,1.20714285714285761,1.37959183673469441,5820,0
HYD,20041202,1.37959183673469441,1.37959183673469441,1.37959183673469441,1.37959183673469441,2416.5,0
HYD,20041203,1.14965986394557867,1.20714285714285761,1.03469387755102081,1.03469387755102081,16000,0
HYD,20041206,1.20714285714285761,1.43707482993197334,1.20714285714285761,1.43707482993197334,6986.8,0
HYD,20041207,1.43707482993197334,1.43707482993197334,1.43707482993197334,1.43707482993197334,0,0
HYD,20041208,1.43707482993197334,1.43707482993197334,1.43707482993197334,1.43707482993197334,0,0
HYD,20041209,1.43707482993197334,1.43707482993197334,1.43707482993197334,1.43707482993197334,0,0
HYD,20041210,1.43707482993197334,1.43707482993197334,1.43707482993197334,1.43707482993197334,0,0
HYD,20041213,1.43707482993197334,1.43707482993197334,1.43707482993197334,1.43707482993197334,0,0
HYD,20041214,1.43707482993197334,1.43707482993197334,1.43707482993197334,1.43707482993197334,0,0
HYD,20041215,1.43707482993197334,1.43707482993197334,1.43707482993197334,1.43707482993197334,0,0
HYD,20041216,1.43707482993197334,1.43707482993197334,1.43707482993197334,1.43707482993197334,0,0
HYD,20041217,1.43707482993197334,1.43707482993197334,1.43707482993197334,1.43707482993197334,0,0
HYD,20041220,1.43707482993197334,1.43707482993197334,1.43707482993197334,1.43707482993197334,0,0
HYD,20041221,1.43707482993197334,1.43707482993197334,1.43707482993197334,1.43707482993197334,0,0
HYD,20041222,1.43707482993197334,1.43707482993197334,1.43707482993197334,1.43707482993197334,0,0
HYD,20041223,1.43707482993197334,1.43707482993197334,1.43707482993197334,1.43707482993197334,0,0
HYD,20041224,1.43707482993197334,1.66700680272108908,1.43707482993197334,1.43707482993197334,3200,0
HYD,20041227,1.43707482993197334,1.43707482993197334,1.43707482993197334,1.43707482993197334,0,0
HYD,20041228,1.43707482993197334,1.43707482993197334,1.43707482993197334,1.43707482993197334,0,0
HYD,20041229,1.43707482993197334,1.43707482993197334,1.43707482993197334,1.43707482993197334,0,0
HYD,20041230,1.60952380952381014,2.18435374149659948,1.60952380952381014,2.18435374149659948,13590,0
HYD,20041231,2.18435374149659948,3.44897959183673602,2.18435374149659948,2.87414965986394668,23068,0
HYD,20050103,2.87414965986394668,2.87414965986394668,2.87414965986394668,2.87414965986394668,0,0
HYD,20050104,3.16156462585034135,3.56394557823129389,3.16156462585034135,3.44897959183673602,16180,0
HYD,20050105,3.33401360544217815,3.44897959183673602,3.21904761904762029,3.21904761904762029,6082,0
HYD,20050106,3.33401360544217815,3.33401360544217815,3.27653061224489922,3.27653061224489922,600,0
HYD,20050107,3.21904761904762029,3.21904761904762029,3.16156462585034135,3.21904761904762029,538,0
HYD,20050110,3.21904761904762029,3.21904761904762029,3.21904761904762029,3.21904761904762029,0,0
HYD,20050111,2.98911564625850455,3.39149659863945709,2.98911564625850455,3.27653061224489922,8418.6,0
HYD,20050112,3.33401360544217815,3.56394557823129389,3.33401360544217815,3.56394557823129389,8440,0
HYD,20050113,3.56394557823129389,3.73639455782313069,3.56394557823129389,3.56394557823129389,2160,0
HYD,20050114,3.56394557823129389,3.73639455782313069,3.44897959183673602,3.44897959183673602,4800,0
HYD,20050117,3.56394557823129389,3.73639455782313069,3.56394557823129389,3.73639455782313069,740,0
HYD,20050118,3.73639455782313069,4.08129251700680429,3.73639455782313069,3.90884353741496749,4100,0
HYD,20050119,3.85136054421768856,4.02380952380952536,3.85136054421768856,4.02380952380952536,2658,0
HYD,20050120,4.31122448979592003,4.31122448979592003,4.31122448979592003,4.31122448979592003,2900,0
HYD,20050121,4.36870748299319896,5.1159863945578251,4.36870748299319896,4.7710884353741515,7820,0
HYD,20050124,4.71360544217687256,4.71360544217687256,3.90884353741496749,3.90884353741496749,1650,0
HYD,20050125,3.90884353741496749,3.90884353741496749,3.90884353741496749,3.90884353741496749,0,0
HYD,20050126,3.90884353741496749,3.90884353741496749,3.90884353741496749,3.90884353741496749,0,0
HYD,20050127,3.90884353741496749,3.90884353741496749,3.90884353741496749,3.90884353741496749,0,0
HYD,20050128,3.90884353741496749,3.90884353741496749,3.90884353741496749,3.90884353741496749,0,0
HYD,20050131,4.13877551020408322,4.13877551020408322,4.13877551020408322,4.13877551020408322,400,0
HYD,20050201,4.13877551020408322,4.13877551020408322,4.13877551020408322,4.13877551020408322,0,0
HYD,20050202,4.48367346938775683,4.48367346938775683,4.48367346938775683,4.48367346938775683,300,0
HYD,20050203,4.59863945578231469,4.59863945578231469,4.31122448979592003,4.31122448979592003,3865.1,0
HYD,20050204,4.31122448979592003,4.42619047619047789,4.31122448979592003,4.42619047619047789,3400,0
HYD,20050207,4.42619047619047789,4.71360544217687256,4.42619047619047789,4.71360544217687256,5850,0
HYD,20050208,4.71360544217687256,4.71360544217687256,4.71360544217687256,4.71360544217687256,1700,0
HYD,20050209,4.71360544217687256,4.7710884353741515,4.59863945578231469,4.59863945578231469,6770,0
HYD,20050210,4.54115646258503576,4.54115646258503576,4.54115646258503576,4.54115646258503576,72.4,0
HYD,20050211,4.13877551020408322,4.54115646258503576,4.02380952380952536,4.54115646258503576,6211.2,0
HYD,20050214,4.54115646258503576,4.54115646258503576,4.48367346938775683,4.48367346938775683,1488.8,0
HYD,20050215,4.48367346938775683,4.59863945578231469,4.48367346938775683,4.59863945578231469,3241.5,0
HYD,20050216,4.59863945578231469,4.88605442176870936,4.59863945578231469,4.88605442176870936,5369.7,0
HYD,20050217,4.82857142857143043,4.82857142857143043,4.59863945578231469,4.59863945578231469,995,0
HYD,20050218,4.59863945578231469,4.59863945578231469,4.59863945578231469,4.59863945578231469,3680.3,0
HYD,20050221,4.36870748299319896,4.36870748299319896,4.31122448979592003,4.31122448979592003,1250,0
HYD,20050222,4.48367346938775683,4.48367346938775683,4.48367346938775683,4.48367346938775683,600,0
HYD,20050223,4.42619047619047789,4.59863945578231469,4.42619047619047789,4.59863945578231469,1400,0
HYD,20050224,4.59863945578231469,4.59863945578231469,4.59863945578231469,4.59863945578231469,1000,0
HYD,20050225,4.48367346938775683,4.48367346938775683,4.36870748299319896,4.36870748299319896,2900,0
HYD,20050228,4.36870748299319896,4.36870748299319896,4.08129251700680429,4.08129251700680429,647.4,0
HYD,20050301,4.08129251700680429,4.08129251700680429,4.08129251700680429,4.08129251700680429,0,0
HYD,20050302,4.08129251700680429,4.08129251700680429,4.08129251700680429,4.08129251700680429,0,0
HYD,20050303,4.08129251700680429,4.08129251700680429,4.08129251700680429,4.08129251700680429,0,0
HYD,20050304,4.08129251700680429,4.08129251700680429,4.08129251700680429,4.08129251700680429,0,0
HYD,20050307,4.19625850340136216,4.19625850340136216,4.19625850340136216,4.19625850340136216,1000,0
HYD,20050308,4.19625850340136216,4.19625850340136216,4.19625850340136216,4.19625850340136216,0,0
HYD,20050309,4.19625850340136216,4.19625850340136216,3.73639455782313069,4.02380952380952536,2096.5,0
HYD,20050310,4.02380952380952536,4.02380952380952536,4.02380952380952536,4.02380952380952536,0,0
HYD,20050311,3.90884353741496749,3.90884353741496749,3.73639455782313069,3.90884353741496749,1453.5,0
HYD,20050314,3.90884353741496749,3.90884353741496749,3.90884353741496749,3.90884353741496749,0,0
HYD,20050315,3.44897959183673602,3.44897959183673602,3.44897959183673602,3.44897959183673602,1000,0
HYD,20050316,3.44897959183673602,3.44897959183673602,3.44897959183673602,3.44897959183673602,1000,0
HYD,20050317,3.44897959183673602,3.44897959183673602,3.16156462585034135,3.16156462585034135,3000,0
HYD,20050318,3.16156462585034135,3.21904761904762029,3.16156462585034135,3.21904761904762029,8000,0
HYD,20050321,3.21904761904762029,3.21904761904762029,3.21904761904762029,3.21904761904762029,0,0
HYD,20050322,3.44897959183673602,3.44897959183673602,3.44897959183673602,3.44897959183673602,2900,0
HYD,20050323,3.44897959183673602,3.44897959183673602,3.44897959183673602,3.44897959183673602,0,0
HYD,20050324,3.16156462585034135,3.44897959183673602,3.10408163265306242,3.16156462585034135,8896.5,0
HYD,20050325,3.16156462585034135,3.16156462585034135,3.16156462585034135,3.16156462585034135,0,0
HYD,20050328,3.16156462585034135,3.16156462585034135,3.16156462585034135,3.16156462585034135,0,0
HYD,20050329,3.44897959183673602,3.44897959183673602,3.44897959183673602,3.44897959183673602,50,0
HYD,20050330,3.16156462585034135,3.16156462585034135,3.16156462585034135,3.16156462585034135,253.5,0
HYD,20050331,3.16156462585034135,3.56394557823129389,3.16156462585034135,3.56394557823129389,726.5,0
HYD,20050401,3.56394557823129389,3.56394557823129389,3.33401360544217815,3.56394557823129389,1200,0
HYD,20050404,3.44897959183673602,4.02380952380952536,3.44897959183673602,4.02380952380952536,11900,0
HYD,20050405,3.73639455782313069,3.73639455782313069,3.73639455782313069,3.73639455782313069,173.5,0
HYD,20050406,3.44897959183673602,3.44897959183673602,3.44897959183673602,3.44897959183673602,1800,0
HYD,20050407,3.44897959183673602,3.44897959183673602,3.44897959183673602,3.44897959183673602,0,0
HYD,20050408,3.79387755102040962,3.79387755102040962,3.44897959183673602,3.44897959183673602,32500,0
HYD,20050411,3.44897959183673602,3.44897959183673602,3.44897959183673602,3.44897959183673602,7150,0
HYD,20050412,3.44897959183673602,4.13877551020408322,3.44897959183673602,4.13877551020408322,21450,0
HYD,20050413,4.13877551020408322,4.13877551020408322,4.13877551020408322,4.13877551020408322,1388,0
HYD,20050414,4.13877551020408322,4.13877551020408322,4.13877551020408322,4.13877551020408322,900,0
HYD,20050415,4.08129251700680429,4.31122448979592003,4.08129251700680429,4.31122448979592003,8187,0
HYD,20050418,4.31122448979592003,4.31122448979592003,4.25374149659864109,4.25374149659864109,4812,0
HYD,20050419,4.13877551020408322,4.31122448979592003,4.13877551020408322,4.31122448979592003,13000,0
HYD,20050420,4.31122448979592003,4.36870748299319896,4.31122448979592003,4.31122448979592003,1100,0
HYD,20050421,4.31122448979592003,4.54115646258503576,4.31122448979592003,4.31122448979592003,2400,0
HYD,20050422,4.31122448979592003,4.31122448979592003,4.13877551020408322,4.31122448979592003,3520,0
HYD,20050425,4.31122448979592003,4.31122448979592003,4.31122448979592003,4.31122448979592003,0,0
HYD,20050426,4.13877551020408322,4.31122448979592003,3.90884353741496749,4.31122448979592003,6708,0
HYD,20050427,4.31122448979592003,4.54115646258503576,4.31122448979592003,4.54115646258503576,4900,0
HYD,20050428,4.54115646258503576,4.59863945578231469,4.54115646258503576,4.59863945578231469,7681.6,0
HYD,20050429,4.59863945578231469,5.17346938775510403,4.59863945578231469,5.17346938775510403,8883.4,0
HYD,20050502,5.17346938775510403,5.4608843537414987,5.17346938775510403,5.4608843537414987,5576.2,0
HYD,20050503,5.2884353741496619,5.2884353741496619,4.88605442176870936,4.88605442176870936,2350,0
HYD,20050504,4.88605442176870936,4.88605442176870936,4.88605442176870936,4.88605442176870936,48.2,0
HYD,20050505,4.88605442176870936,4.88605442176870936,4.88605442176870936,4.88605442176870936,0,0
HYD,20050506,4.82857142857143043,4.82857142857143043,4.82857142857143043,4.82857142857143043,579.4,0
HYD,20050509,4.82857142857143043,4.82857142857143043,4.7710884353741515,4.7710884353741515,520,0
HYD,20050510,4.7710884353741515,4.7710884353741515,4.7710884353741515,4.7710884353741515,0,0
HYD,20050511,4.7710884353741515,4.7710884353741515,4.7710884353741515,4.7710884353741515,0,0
HYD,20050512,4.7710884353741515,4.7710884353741515,4.7710884353741515,4.7710884353741515,0,0
HYD,20050513,4.59863945578231469,4.7710884353741515,4.59863945578231469,4.7710884353741515,400,0
HYD,20050516,4.7710884353741515,4.7710884353741515,4.7710884353741515,4.7710884353741515,0,0
HYD,20050517,4.42619047619047789,4.42619047619047789,4.42619047619047789,4.42619047619047789,1100,0
HYD,20050518,4.25374149659864109,4.25374149659864109,4.13877551020408322,4.13877551020408322,1300,0
HYD,20050519,4.13877551020408322,4.13877551020408322,4.13877551020408322,4.13877551020408322,500,0
HYD,20050520,4.31122448979592003,4.31122448979592003,4.31122448979592003,4.31122448979592003,200,0
HYD,20050523,4.13877551020408322,4.13877551020408322,4.13877551020408322,4.13877551020408322,500,0
HYD,20050524,4.13877551020408322,4.42619047619047789,4.13877551020408322,4.42619047619047789,3700,0
HYD,20050525,4.48367346938775683,4.59863945578231469,4.48367346938775683,4.54115646258503576,700,0
HYD,20050526,4.31122448979592003,4.31122448979592003,4.31122448979592003,4.31122448979592003,58,0
HYD,20050527,4.54115646258503576,4.59863945578231469,4.54115646258503576,4.59863945578231469,2500,0
HYD,20050530,4.54115646258503576,5.17346938775510403,4.54115646258503576,5.17346938775510403,7717.3,0
HYD,20050531,5.17346938775510403,5.17346938775510403,4.88605442176870936,4.88605442176870936,7985.1,0
HYD,20050601,4.88605442176870936,5.17346938775510403,4.88605442176870936,5.17346938775510403,4738,0
HYD,20050602,5.2884353741496619,5.69081632653061443,5.2884353741496619,5.2884353741496619,4920,0
HYD,20050603,5.25969387755102243,5.25969387755102243,4.88605442176870936,4.88605442176870936,2200,0
HYD,20050606,4.88605442176870936,4.88605442176870936,4.88605442176870936,4.88605442176870936,0,0
HYD,20050607,5.0297619047619067,5.0297619047619067,4.9435374149659883,4.9435374149659883,825.9,0
HYD,20050608,4.88605442176870936,4.88605442176870936,4.59863945578231469,4.59863945578231469,2056.6,0
HYD,20050609,4.68486394557823309,4.7710884353741515,4.68486394557823309,4.7710884353741515,913.1,0
HYD,20050610,4.59863945578231469,4.59863945578231469,4.59863945578231469,4.59863945578231469,293.4,0
HYD,20050613,4.59863945578231469,4.59863945578231469,4.59863945578231469,4.59863945578231469,0,0
HYD,20050614,4.59863945578231469,4.88605442176870936,4.59863945578231469,4.8573129251700699,1450,0
HYD,20050615,4.88605442176870936,4.9435374149659883,4.88605442176870936,4.9435374149659883,450,0
HYD,20050616,4.88605442176870936,4.88605442176870936,4.88605442176870936,4.88605442176870936,1120,0
HYD,20050617,4.88605442176870936,4.88605442176870936,4.88605442176870936,4.88605442176870936,0,0
HYD,20050620,4.59863945578231469,4.59863945578231469,4.59863945578231469,4.59863945578231469,1200,0
HYD,20050621,4.71360544217687256,4.71360544217687256,4.71360544217687256,4.71360544217687256,380,0
HYD,20050622,4.71360544217687256,4.71360544217687256,4.71360544217687256,4.71360544217687256,0,0
HYD,20050623,4.82857142857143043,4.82857142857143043,4.82857142857143043,4.82857142857143043,750,0
HYD,20050624,4.88605442176870936,4.9435374149659883,4.88605442176870936,4.9435374149659883,550,0
HYD,20050627,4.7710884353741515,4.7710884353741515,4.71360544217687256,4.71360544217687256,2420,0
HYD,20050628,4.71360544217687256,4.71360544217687256,4.71360544217687256,4.71360544217687256,0,0
HYD,20050629,4.54115646258503576,4.71360544217687256,4.54115646258503576,4.59863945578231469,26580,0
HYD,20050630,4.7710884353741515,5.57585034013605657,4.7710884353741515,5.40340136054421977,6239.7,0
HYD,20050701,5.57585034013605657,6.3231292517006827,5.51836734693877763,6.3231292517006827,5345,0
HYD,20050704,6.63928571428571684,7.24285714285714564,6.61054421768707737,7.24285714285714564,8990.6,0
HYD,20050705,7.24285714285714564,7.24285714285714564,7.24285714285714564,7.24285714285714564,0,0
HYD,20050706,7.81768707482993498,8.62244897959184005,7.70272108843537711,8.33503401360544538,17588.9,0
HYD,20050707,8.33503401360544538,8.62244897959184005,8.33503401360544538,8.62244897959184005,5923.9,0
HYD,20050708,8.62244897959184005,8.90986394557823472,8.39251700680272432,8.85238095238095579,4749.1,0
HYD,20050711,9.19727891156462939,9.48469387755102406,9.19727891156462939,9.48469387755102406,10435,0
HYD,20050712,9.94455782312925552,12.6462585034013654,9.77210884353741872,11.7840136054421814,7080,0
HYD,20050713,12.8187074829932022,15.8078231292517068,12.8187074829932022,14.3707482993197334,8632.7,0
HYD,20050714,13.910884353741502,13.910884353741502,12.6462585034013654,12.8187074829932022,4971.9,0
HYD,20050715,12.3588435374149707,14.9455782312925228,12.0714285714285761,14.9455782312925228,15481.5,0
HYD,20050718,14.9455782312925228,14.9455782312925228,12.3588435374149707,12.3588435374149707,3633.3,0
HYD,20050719,13.2210884353741547,13.7959183673469441,13.2210884353741547,13.7959183673469441,1650,0
HYD,20050720,13.7959183673469441,13.7959183673469441,12.9336734693877601,12.9336734693877601,760,0
HYD,20050721,12.7612244897959233,13.7959183673469441,12.7612244897959233,13.7959183673469441,890,0
HYD,20050722,14.3707482993197334,15.0605442176870806,13.7959183673469441,13.7959183673469441,5200,0
HYD,20050725,13.4510204081632705,14.0833333333333388,13.4510204081632705,13.5085034013605494,1914.3,0
HYD,20050726,13.7959183673469441,13.7959183673469441,13.5085034013605494,13.5085034013605494,2553.8,0
HYD,20050727,13.2210884353741547,13.2210884353741547,12.6462585034013654,12.6462585034013654,2059,0
HYD,20050728,12.6462585034013654,12.6462585034013654,12.3588435374149707,12.6462585034013654,1702,0
HYD,20050729,12.6462585034013654,12.6462585034013654,12.3588435374149707,12.3588435374149707,2726.8,0
HYD,20050801,12.6462585034013654,13.1061224489795969,12.6462585034013654,12.8761904761904811,3269,0
HYD,20050802,12.8761904761904811,14.0258503401360598,12.8761904761904811,14.0258503401360598,1755.2,0
HYD,20050803,14.0258503401360598,14.6581632653061281,14.0258503401360598,14.6581632653061281,6632.4,0
HYD,20050804,14.6581632653061281,14.6581632653061281,14.3707482993197334,14.3707482993197334,709.1,0
HYD,20050805,14.3707482993197334,14.715646258503407,14.1408163265306177,14.1408163265306177,3001.5,0
HYD,20050808,14.9455782312925228,15.9227891156462646,14.9455782312925228,15.9227891156462646,1701,0
HYD,20050809,15.5204081632653121,16.9574829931972854,15.5204081632653121,16.9574829931972854,2210,0
HYD,20050810,16.9574829931972854,18.7394557823129324,16.9574829931972854,18.6819727891156534,4273.3,0
HYD,20050811,18.4520408163265377,18.5095238095238166,17.8197278911564694,17.8197278911564694,1770,0
HYD,20050812,16.9574829931972854,17.8197278911564694,16.3826530612244961,17.8197278911564694,3235.6,0
HYD,20050815,17.8197278911564694,17.8197278911564694,17.8197278911564694,17.8197278911564694,820,0
HYD,20050816,17.8197278911564694,18.3945578231292588,17.302380952380959,17.8197278911564694,1318.3,0
HYD,20050817,17.8197278911564694,17.8197278911564694,17.2448979591836801,17.2448979591836801,1222.3,0
HYD,20050818,17.8197278911564694,17.8197278911564694,17.8197278911564694,17.8197278911564694,738,0
HYD,20050819,17.8197278911564694,17.8197278911564694,17.2448979591836801,17.2448979591836801,2665.8,0
HYD,20050822,17.4748299319727958,17.4748299319727958,16.3826530612244961,16.3826530612244961,2501.2,0
HYD,20050823,16.0952380952381014,16.0952380952381014,14.1408163265306177,15.8078231292517068,2867.5,0
HYD,20050824,15.5204081632653121,16.6700680272108908,15.5204081632653121,16.6700680272108908,505.3,0
HYD,20050825,16.3826530612244961,16.3826530612244961,15.5204081632653121,16.0952380952381014,1630,0
HYD,20050826,15.8078231292517068,16.0952380952381014,15.8078231292517068,16.0952380952381014,275,0
HYD,20050829,15.5204081632653121,15.5204081632653121,15.5204081632653121,15.5204081632653121,400,0
HYD,20050830,15.577891156462591,15.577891156462591,15.577891156462591,15.577891156462591,588,0
HYD,20050831,15.5204081632653121,15.5204081632653121,14.9455782312925228,14.9455782312925228,1555.4,0
HYD,20050901,14.9455782312925228,15.2329931972789174,14.3707482993197334,14.3707482993197334,1705,0
HYD,20050902,14.6581632653061281,14.9455782312925228,14.6581632653061281,14.9455782312925228,600,0
HYD,20050905,14.9455782312925228,14.9455782312925228,14.9455782312925228,14.9455782312925228,100,0
HYD,20050906,14.9455782312925228,14.9455782312925228,14.6581632653061281,14.8306122448979649,1400,0
HYD,20050907,14.6581632653061281,14.6581632653061281,14.3707482993197334,14.3707482993197334,881.6,0
HYD,20050908,14.3707482993197334,14.3707482993197334,14.3707482993197334,14.3707482993197334,200,0
HYD,20050909,14.3707482993197334,14.3707482993197334,14.3707482993197334,14.3707482993197334,1920,0
HYD,20050912,14.3707482993197334,14.3707482993197334,14.3707482993197334,14.3707482993197334,117.9,0
HYD,20050913,14.3707482993197334,14.3707482993197334,14.3707482993197334,14.3707482993197334,402.1,0
HYD,20050914,14.3707482993197334,14.3707482993197334,14.0833333333333388,14.1982993197278966,1696,0
HYD,20050915,13.7959183673469441,13.7959183673469441,13.7959183673469441,13.7959183673469441,1680,0
HYD,20050916,13.7959183673469441,14.9455782312925228,13.7959183673469441,14.9455782312925228,5165,0
HYD,20050919,15.0605442176870806,17.2448979591836801,15.0605442176870806,16.0952380952381014,3117,0
HYD,20050920,16.0952380952381014,16.3826530612244961,16.0952380952381014,16.0952380952381014,1675.8,0
HYD,20050921,16.2676870748299382,16.2676870748299382,15.5204081632653121,15.5204081632653121,1146,0
HYD,20050922,14.3707482993197334,14.9455782312925228,14.3707482993197334,14.9455782312925228,88,0
HYD,20050923,14.6581632653061281,14.9455782312925228,14.6581632653061281,14.9455782312925228,993,0
HYD,20050926,14.9455782312925228,16.3826530612244961,14.9455782312925228,16.3826530612244961,1303.3,0
HYD,20050927,16.0952380952381014,16.0952380952381014,14.0833333333333388,14.3707482993197334,1694.7,0
HYD,20050928,14.3707482993197334,14.3707482993197334,14.1982993197278966,14.1982993197278966,440,0
HYD,20050929,14.9455782312925228,14.9455782312925228,14.8306122448979649,14.8306122448979649,1735,0
HYD,20050930,14.9455782312925228,14.9455782312925228,14.6581632653061281,14.6581632653061281,1052,0
HYD,20051003,14.3707482993197334,14.3707482993197334,13.7959183673469441,13.7959183673469441,500,0
HYD,20051004,13.853401360544223,14.3707482993197334,13.7959183673469441,14.3707482993197334,1440,0
HYD,20051005,13.5085034013605494,13.5085034013605494,13.5085034013605494,13.5085034013605494,400,0
HYD,20051006,13.5085034013605494,13.5085034013605494,13.2210884353741547,13.2210884353741547,510.2,0
HYD,20051007,14.0833333333333388,14.0833333333333388,13.5085034013605494,13.5085034013605494,1409.5,0
HYD,20051010,13.5085034013605494,13.853401360544223,13.5085034013605494,13.7959183673469441,953.2,0
HYD,20051011,13.7959183673469441,13.7959183673469441,13.7959183673469441,13.7959183673469441,0,0
HYD,20051012,14.0833333333333388,14.1982993197278966,14.0833333333333388,14.1982993197278966,896.8,0
HYD,20051013,13.7959183673469441,14.0833333333333388,13.5085034013605494,13.5085034013605494,493,0
HYD,20051014,13.2210884353741547,13.2210884353741547,13.2210884353741547,13.2210884353741547,150,0
HYD,20051017,13.2210884353741547,13.2210884353741547,13.2210884353741547,13.2210884353741547,0,0
HYD,20051018,13.2210884353741547,13.5085034013605494,13.2210884353741547,13.2210884353741547,776.3,0
HYD,20051019,13.2210884353741547,13.2210884353741547,12.9336734693877601,12.9336734693877601,303.7,0
HYD,20051020,12.9336734693877601,12.9336734693877601,12.6462585034013654,12.6462585034013654,743.5,0
HYD,20051021,13.2785714285714337,13.7959183673469441,12.3588435374149707,12.3588435374149707,2931.8,0
HYD,20051024,12.0714285714285761,13.6809523809523862,12.0714285714285761,12.0714285714285761,1765,0
HYD,20051025,12.6462585034013654,12.6462585034013654,12.0714285714285761,12.6462585034013654,600,0
HYD,20051026,12.9336734693877601,12.9336734693877601,12.9336734693877601,12.9336734693877601,50,0
HYD,20051027,13.2210884353741547,14.9455782312925228,13.2210884353741547,14.3707482993197334,3008.2,0
HYD,20051028,14.3707482993197334,15.5204081632653121,14.3707482993197334,15.2904761904761964,423.8,0
HYD,20051031,15.1180272108843596,15.1180272108843596,15.1180272108843596,15.1180272108843596,392.1,0
HYD,20051101,14.6581632653061281,14.6581632653061281,14.3707482993197334,14.3707482993197334,750,0
HYD,20051102,14.3707482993197334,14.3707482993197334,14.0833333333333388,14.3707482993197334,1327.2,0
HYD,20051103,14.9455782312925228,15.4054421768707542,14.6581632653061281,15.4054421768707542,1407.9,0
HYD,20051104,14.3707482993197334,15.4054421768707542,14.3132653061224545,14.3707482993197334,2129.4,0
HYD,20051107,14.3707482993197334,14.3707482993197334,14.3707482993197334,14.3707482993197334,0,0
HYD,20051108,14.773129251700686,16.6700680272108908,14.773129251700686,16.6700680272108908,5205.2,0
HYD,20051109,15.9227891156462646,16.3826530612244961,15.8078231292517068,15.8078231292517068,551.8,0
HYD,20051110,15.8078231292517068,15.8078231292517068,15.2329931972789174,15.5204081632653121,627.8,0
HYD,20051111,15.8078231292517068,16.497619047619054,15.8078231292517068,16.2102040816326593,186.8,0
HYD,20051114,16.6700680272108908,16.6700680272108908,16.6700680272108908,16.6700680272108908,323.5,0
HYD,20051115,16.6700680272108908,16.6700680272108908,15.8078231292517068,15.8078231292517068,1166.7,0
HYD,20051116,16.0952380952381014,16.0952380952381014,15.5204081632653121,16.0952380952381014,706,0
HYD,20051117,15.5204081632653121,15.5204081632653121,15.2329931972789174,15.2329931972789174,1150,0
HYD,20051118,15.2329931972789174,15.2329931972789174,15.2329931972789174,15.2329931972789174,0,0
HYD,20051121,15.2329931972789174,15.2329931972789174,15.2329931972789174,15.2329931972789174,0,0
HYD,20051122,15.2329931972789174,15.2329931972789174,15.2329931972789174,15.2329931972789174,0,0
HYD,20051123,15.3479591836734753,15.8078231292517068,15.3479591836734753,15.8078231292517068,350,0
HYD,20051124,15.4054421768707542,15.4629251700680332,15.4054421768707542,15.4629251700680332,2000,0
HYD,20051125,15.5204081632653121,15.5204081632653121,15.4629251700680332,15.4629251700680332,1800,0
HYD,20051128,15.5204081632653121,15.5204081632653121,15.2329931972789174,15.2329931972789174,731,0
HYD,20051129,15.2329931972789174,15.2329931972789174,14.715646258503407,14.715646258503407,433.7,0
HYD,20051130,14.715646258503407,14.715646258503407,13.7959183673469441,14.0833333333333388,1200,0
HYD,20051201,14.0833333333333388,14.6581632653061281,14.0833333333333388,14.3707482993197334,796.3,0
HYD,20051202,14.4282312925170124,14.4282312925170124,14.4282312925170124,14.4282312925170124,80,0
HYD,20051205,14.4282312925170124,14.4857142857142913,14.4282312925170124,14.4857142857142913,278.7,0
HYD,20051206,14.4857142857142913,14.4857142857142913,14.4857142857142913,14.4857142857142913,0,0
HYD,20051207,14.3707482993197334,14.3707482993197334,14.3707482993197334,14.3707482993197334,196.3,0
HYD,20051208,13.910884353741502,13.910884353741502,13.7959183673469441,13.7959183673469441,1000,0
HYD,20051209,13.853401360544223,14.0833333333333388,13.853401360544223,14.0833333333333388,1600,0
HYD,20051212,13.7959183673469441,14.6581632653061281,13.7959183673469441,14.6581632653061281,2100,0
HYD,20051213,14.0833333333333388,14.0833333333333388,14.0833333333333388,14.0833333333333388,300,0
HYD,20051214,14.0833333333333388,14.0833333333333388,14.0258503401360598,14.0258503401360598,1300,0
HYD,20051215,14.0258503401360598,14.0258503401360598,14.0258503401360598,14.0258503401360598,0,0
HYD,20051216,13.5659863945578284,13.5659863945578284,13.5085034013605494,13.5085034013605494,1370,0
HYD,20051219,13.5659863945578284,13.5659863945578284,13.5659863945578284,13.5659863945578284,20,0
HYD,20051220,13.5659863945578284,13.5659863945578284,13.5085034013605494,13.5085034013605494,100,0
HYD,20051221,14.0258503401360598,14.0258503401360598,13.5659863945578284,14.0258503401360598,604.6,0
HYD,20051222,13.9683673469387809,14.0258503401360598,13.7384353741496652,13.910884353741502,1280.4,0
HYD,20051223,13.910884353741502,14.0833333333333388,13.910884353741502,14.0833333333333388,2700,0
HYD,20051226,14.0833333333333388,14.0833333333333388,14.0833333333333388,14.0833333333333388,0,0
HYD,20051227,14.0833333333333388,14.0833333333333388,14.0833333333333388,14.0833333333333388,0,0
HYD,20051228,14.0833333333333388,14.0833333333333388,14.0833333333333388,14.0833333333333388,800,0
HYD,20051229,14.0833333333333388,14.0833333333333388,13.910884353741502,14.0833333333333388,1655,0
HYD,20051230,14.0833333333333388,14.0833333333333388,14.0833333333333388,14.0833333333333388,232.6,0
HYD,20060102,14.0833333333333388,14.0833333333333388,14.0833333333333388,14.0833333333333388,0,0
HYD,20060103,14.6581632653061281,14.6581632653061281,14.0833333333333388,14.0833333333333388,2617.4,0
HYD,20060104,14.0833333333333388,14.3707482993197334,14.0833333333333388,14.3707482993197334,542.6,0
HYD,20060105,14.3707482993197334,14.6006802721088492,13.910884353741502,14.3707482993197334,1910.9,0
HYD,20060106,14.3707482993197334,14.3707482993197334,14.3707482993197334,14.3707482993197334,0,0
HYD,20060109,14.0833333333333388,14.0833333333333388,13.853401360544223,13.853401360544223,1500,0
HYD,20060110,14.0833333333333388,14.1982993197278966,13.853401360544223,13.853401360544223,875,0
HYD,20060111,14.1982993197278966,14.1982993197278966,13.7959183673469441,13.7959183673469441,130.1,0
HYD,20060112,13.7959183673469441,14.1982993197278966,13.7959183673469441,14.1982993197278966,200,0
HYD,20060113,14.1408163265306177,14.1408163265306177,14.1408163265306177,14.1408163265306177,34.5,0
HYD,20060116,13.2785714285714337,14.0833333333333388,13.2210884353741547,14.0833333333333388,460.6,0
HYD,20060117,14.0258503401360598,14.1982993197278966,14.0258503401360598,14.1982993197278966,650,0
HYD,20060118,14.1982993197278966,14.1982993197278966,14.1982993197278966,14.1982993197278966,0,0
HYD,20060119,14.1982993197278966,14.1982993197278966,14.1982993197278966,14.1982993197278966,0,0
HYD,20060120,14.0258503401360598,14.0258503401360598,13.5085034013605494,13.5085034013605494,80.5,0
HYD,20060123,13.5085034013605494,13.5085034013605494,13.5085034013605494,13.5085034013605494,0,0
HYD,20060124,13.2210884353741547,13.2210884353741547,12.3588435374149707,12.3588435374149707,1524.1,0
HYD,20060125,12.3588435374149707,12.9336734693877601,12.3588435374149707,12.9336734693877601,1355.9,0
HYD,20060126,12.9336734693877601,12.9336734693877601,12.9336734693877601,12.9336734693877601,0,0
HYD,20060127,13.6234693877551073,13.7959183673469441,13.6234693877551073,13.7959183673469441,875,0
HYD,20060130,13.9683673469387809,14.3707482993197334,13.9683673469387809,14.3707482993197334,3040,0
HYD,20060131,14.1408163265306177,14.1408163265306177,13.1061224489795969,13.6809523809523862,2070,0
HYD,20060201,13.5085034013605494,14.0833333333333388,13.5085034013605494,14.0833333333333388,495.9,0
HYD,20060202,13.7959183673469441,13.7959183673469441,13.5659863945578284,13.5659863945578284,1094,0
HYD,20060203,13.2785714285714337,13.3360544217687126,13.2210884353741547,13.3360544217687126,1200,0
HYD,20060206,13.4510204081632705,14.0833333333333388,13.4510204081632705,14.0833333333333388,360,0
HYD,20060207,13.5085034013605494,13.5085034013605494,12.991156462585039,12.991156462585039,2318,0
HYD,20060208,13.2210884353741547,13.2210884353741547,12.9336734693877601,13.1636054421768758,2750,0
HYD,20060209,13.5085034013605494,13.5085034013605494,13.5085034013605494,13.5085034013605494,50,0
HYD,20060210,13.1636054421768758,13.5085034013605494,12.9336734693877601,13.5085034013605494,1450,0
HYD,20060213,13.6809523809523862,13.6809523809523862,13.5085034013605494,13.6809523809523862,959,0
HYD,20060214,13.7959183673469441,13.853401360544223,13.7959183673469441,13.853401360544223,900,0
HYD,20060215,13.853401360544223,13.853401360544223,13.853401360544223,13.853401360544223,64.6,0
HYD,20060216,13.7959183673469441,13.7959183673469441,13.6809523809523862,13.6809523809523862,209,0
HYD,20060217,13.6809523809523862,13.6809523809523862,13.5085034013605494,13.5085034013605494,500,0
HYD,20060220,13.5085034013605494,13.5085034013605494,13.5085034013605494,13.5085034013605494,0,0
HYD,20060221,13.5085034013605494,14.2557823129251756,13.5085034013605494,14.2557823129251756,2495,0
HYD,20060222,14.2557823129251756,14.2557823129251756,14.2557823129251756,14.2557823129251756,66.5,0
HYD,20060223,14.2557823129251756,14.3707482993197334,14.0833333333333388,14.3707482993197334,2056.1,0
HYD,20060224,14.3707482993197334,14.4282312925170124,14.3707482993197334,14.3707482993197334,1620,0
HYD,20060227,14.3707482993197334,14.9455782312925228,14.3707482993197334,14.9455782312925228,720,0
HYD,20060228,15.4629251700680332,15.4629251700680332,15.0030612244898017,15.4629251700680332,205,0
HYD,20060301,14.3707482993197334,14.3707482993197334,13.7959183673469441,14.3707482993197334,1000,0
HYD,20060302,13.910884353741502,14.3707482993197334,13.853401360544223,14.3707482993197334,1130,0
HYD,20060303,14.3707482993197334,14.3707482993197334,14.3132653061224545,14.3707482993197334,2575,0
HYD,20060306,14.3707482993197334,14.3707482993197334,14.0258503401360598,14.0258503401360598,1080,0
HYD,20060307,14.1408163265306177,14.3707482993197334,14.0258503401360598,14.3707482993197334,4369,0
HYD,20060308,13.910884353741502,14.3707482993197334,13.910884353741502,14.3707482993197334,1783,0
HYD,20060309,14.3707482993197334,14.3707482993197334,13.853401360544223,14.3707482993197334,2052,0
HYD,20060310,14.3707482993197334,15.5204081632653121,14.3707482993197334,15.5204081632653121,3920.5,0
HYD,20060313,15.6928571428571489,15.6928571428571489,15.1180272108843596,15.1180272108843596,1438.5,0
HYD,20060314,15.1180272108843596,15.1180272108843596,14.3707482993197334,14.3707482993197334,1850,0
HYD,20060315,14.3707482993197334,14.8880952380952438,14.3707482993197334,14.8880952380952438,100900,0
HYD,20060316,14.9455782312925228,15.6928571428571489,14.9455782312925228,15.6928571428571489,2271.1,0
HYD,20060317,15.8078231292517068,16.0377551020408225,14.6581632653061281,14.6581632653061281,2769.9,0
HYD,20060320,14.9455782312925228,14.9455782312925228,14.9455782312925228,14.9455782312925228,115,0
HYD,20060321,14.6581632653061281,14.9455782312925228,14.3707482993197334,14.9455782312925228,212.6,0
HYD,20060322,14.9455782312925228,15.2329931972789174,14.9455782312925228,15.2329931972789174,822.4,0
HYD,20060323,14.8306122448979649,14.8306122448979649,14.8306122448979649,14.8306122448979649,116,0
HYD,20060324,14.8306122448979649,14.9455782312925228,14.3707482993197334,14.9455782312925228,1884,0
HYD,20060327,14.9455782312925228,15.5204081632653121,14.9455782312925228,15.5204081632653121,4148.9,0
HYD,20060328,14.3707482993197334,16.0377551020408225,14.3707482993197334,15.8078231292517068,3632.9,0
HYD,20060329,15.8078231292517068,15.8078231292517068,15.5204081632653121,15.5204081632653121,1615.3,0
HYD,20060330,15.5204081632653121,15.5204081632653121,15.5204081632653121,15.5204081632653121,800,0
HYD,20060331,15.5204081632653121,15.5204081632653121,15.5204081632653121,15.5204081632653121,100,0
HYD,20060403,14.6006802721088492,15.5204081632653121,14.4857142857142913,15.5204081632653121,3000,0
HYD,20060404,15.7503401360544278,15.8078231292517068,15.7503401360544278,15.8078231292517068,1000,0
HYD,20060405,15.8078231292517068,16.6700680272108908,15.8078231292517068,16.6700680272108908,2691.1,0
HYD,20060406,16.6700680272108908,17.2448979591836801,16.6700680272108908,16.6700680272108908,2170,0
HYD,20060407,16.6700680272108908,17.8772108843537484,16.6700680272108908,17.8772108843537484,1958.4,0
HYD,20060410,17.8772108843537484,17.8772108843537484,17.5897959183673537,17.5897959183673537,1275,0
HYD,20060411,17.5897959183673537,18.3945578231292588,17.5897959183673537,18.3945578231292588,2518.5,0
HYD,20060412,19.94659863945579,20.1190476190476268,18.3945578231292588,19.2568027210884428,5801,0
HYD,20060413,18.6819727891156534,18.6819727891156534,18.6819727891156534,18.6819727891156534,150,0
HYD,20060414,18.6819727891156534,18.6819727891156534,18.6819727891156534,18.6819727891156534,0,0
HYD,20060417,18.6819727891156534,18.6819727891156534,18.6819727891156534,18.6819727891156534,0,0
HYD,20060418,18.6819727891156534,18.6819727891156534,18.6819727891156534,18.6819727891156534,1490,0
HYD,20060419,18.6244897959183745,19.4867346938775585,18.6244897959183745,19.4867346938775585,810.2,0
HYD,20060420,19.4867346938775585,19.4867346938775585,18.9693877551020481,18.9693877551020481,546,0
HYD,20060421,18.6819727891156534,18.6819727891156534,18.3945578231292588,18.3945578231292588,664,0
HYD,20060424,18.5095238095238166,18.5095238095238166,17.9921768707483062,17.9921768707483062,825,0
HYD,20060425,17.9921768707483062,17.9921768707483062,17.9921768707483062,17.9921768707483062,0,0
HYD,20060426,18.3945578231292588,18.3945578231292588,17.9921768707483062,17.9921768707483062,723.3,0
HYD,20060427,18.164625850340143,18.3370748299319798,18.164625850340143,18.164625850340143,413.5,0
HYD,20060428,18.3945578231292588,19.4867346938775585,18.164625850340143,19.4867346938775585,2160.3,0
HYD,20060501,19.4867346938775585,19.4867346938775585,18.6819727891156534,18.6819727891156534,468.9,0
HYD,20060502,18.6819727891156534,18.6819727891156534,18.6819727891156534,18.6819727891156534,489.8,0
HYD,20060503,18.6819727891156534,18.6819727891156534,18.6819727891156534,18.6819727891156534,0,0
HYD,20060504,18.1071428571428641,18.1071428571428641,17.8197278911564694,17.8197278911564694,580,0
HYD,20060505,17.5323129251700748,17.5323129251700748,17.2448979591836801,17.2448979591836801,600,0
HYD,20060508,17.2448979591836801,17.4748299319727958,17.2448979591836801,17.2448979591836801,430,0
HYD,20060509,17.2448979591836801,17.2448979591836801,17.2448979591836801,17.2448979591836801,0,0
HYD,20060510,17.2448979591836801,17.2448979591836801,17.2448979591836801,17.2448979591836801,1120,0
HYD,20060511,17.2448979591836801,17.2448979591836801,17.2448979591836801,17.2448979591836801,0,0
HYD,20060512,15.2329931972789174,15.5204081632653121,15.2329931972789174,15.3479591836734753,100310,0
HYD,20060515,15.4054421768707542,16.6700680272108908,15.2329931972789174,16.2676870748299382,13685.9,0
HYD,20060516,16.2102040816326593,17.1874149659864012,16.2102040816326593,17.1874149659864012,995.1,0
HYD,20060517,17.2448979591836801,17.2448979591836801,16.9574829931972854,16.9574829931972854,784,0
HYD,20060518,16.6700680272108908,16.6700680272108908,15.8078231292517068,15.8078231292517068,280,0
HYD,20060519,16.3826530612244961,16.3826530612244961,16.3826530612244961,16.3826530612244961,1,0
HYD,20060522,15.5204081632653121,15.5204081632653121,15.5204081632653121,15.5204081632653121,200,0
HYD,20060523,15.5204081632653121,15.8653061224489857,15.4629251700680332,15.8653061224489857,3070.8,0
HYD,20060524,15.5204081632653121,15.5204081632653121,14.3707482993197334,14.8306122448979649,1500,0
HYD,20060525,13.5085034013605494,14.3707482993197334,12.6462585034013654,14.3707482993197334,6180,0
HYD,20060526,14.9455782312925228,14.9455782312925228,14.3707482993197334,14.9455782312925228,1125.5,0
HYD,20060529,15.8653061224489857,15.8653061224489857,14.3707482993197334,14.9455782312925228,237.2,0
HYD,20060530,14.9455782312925228,14.9455782312925228,14.8880952380952438,14.8880952380952438,331.1,0
HYD,20060531,14.8880952380952438,14.8880952380952438,14.8880952380952438,14.8880952380952438,0,0
HYD,20060601,14.8880952380952438,14.8880952380952438,14.8880952380952438,14.8880952380952438,0,0
HYD,20060602,14.8880952380952438,14.9455782312925228,14.8880952380952438,14.9455782312925228,2048.8,0
HYD,20060605,15.8078231292517068,15.8078231292517068,15.8078231292517068,15.8078231292517068,100,0
HYD,20060606,15.8078231292517068,15.8078231292517068,15.8078231292517068,15.8078231292517068,0,0
HYD,20060607,15.5204081632653121,15.8078231292517068,15.5204081632653121,15.8078231292517068,450,0
HYD,20060608,15.5204081632653121,15.5204081632653121,15.3479591836734753,15.3479591836734753,650,0
HYD,20060609,15.2329931972789174,15.2329931972789174,14.773129251700686,14.773129251700686,750,0
HYD,20060612,14.773129251700686,14.773129251700686,14.773129251700686,14.773129251700686,0,0
HYD,20060613,14.773129251700686,14.8306122448979649,14.773129251700686,14.8306122448979649,532,0
HYD,20060614,14.773129251700686,14.773129251700686,14.3707482993197334,14.3707482993197334,2561.5,0
HYD,20060615,13.5085034013605494,13.5085034013605494,13.3360544217687126,13.3360544217687126,1174.7,0
HYD,20060616,13.3360544217687126,13.3360544217687126,13.3360544217687126,13.3360544217687126,0,0
HYD,20060619,12.6462585034013654,12.6462585034013654,12.6462585034013654,12.6462585034013654,100,0
HYD,20060620,12.7612244897959233,12.7612244897959233,10.9217687074829974,10.9217687074829974,1425,0
HYD,20060621,12.0714285714285761,12.991156462585039,12.0714285714285761,12.991156462585039,94,0
HYD,20060622,12.991156462585039,12.991156462585039,12.991156462585039,12.991156462585039,6,0
HYD,20060623,11.4965986394557867,11.4965986394557867,11.4965986394557867,11.4965986394557867,800,0
HYD,20060626,10.0595238095238134,16.6700680272108908,10.0595238095238134,13.1061224489795969,46906.7,0
HYD,20060627,13.7959183673469441,15.2329931972789174,13.7959183673469441,15.2329931972789174,3175,0
HYD,20060628,15.2329931972789174,17.2448979591836801,15.2329931972789174,16.1527210884353804,1538.9,0
HYD,20060629,16.1527210884353804,17.5323129251700748,16.0952380952381014,17.5323129251700748,4680,0
HYD,20060630,17.2448979591836801,17.5323129251700748,15.8653061224489857,17.5323129251700748,2969.4,0
HYD,20060703,16.2102040816326593,17.5323129251700748,16.2102040816326593,17.5323129251700748,748.6,0
HYD,20060704,16.3826530612244961,16.3826530612244961,16.3826530612244961,16.3826530612244961,215.1,0
HYD,20060705,16.3826530612244961,16.3826530612244961,16.3826530612244961,16.3826530612244961,75,0
HYD,20060706,16.0377551020408225,16.6700680272108908,16.0377551020408225,16.6700680272108908,1123.5,0
HYD,20060707,16.6700680272108908,17.5323129251700748,16.6700680272108908,17.5323129251700748,1235,0
HYD,20060710,17.2448979591836801,20.0615646258503479,17.0149659863945644,19.5442176870748374,6412.9,0
HYD,20060711,18.4520408163265377,19.5442176870748374,18.3945578231292588,18.3945578231292588,4739.7,0
HYD,20060712,17.2448979591836801,17.2448979591836801,16.9574829931972854,16.9574829931972854,985,0
HYD,20060713,16.3826530612244961,16.9000000000000065,16.3826530612244961,16.9000000000000065,3129.5,0
HYD,20060714,17.2448979591836801,17.8197278911564694,16.3826530612244961,17.2448979591836801,5557.5,0
HYD,20060717,17.2448979591836801,17.2448979591836801,17.2448979591836801,17.2448979591836801,6605,0
HYD,20060718,17.1874149659864012,17.2448979591836801,16.440136054421775,17.2448979591836801,5241,0
HYD,20060719,16.9574829931972854,16.9574829931972854,16.9574829931972854,16.9574829931972854,1350,0
HYD,20060720,16.9574829931972854,17.8197278911564694,16.9574829931972854,17.8197278911564694,2270,0
HYD,20060721,17.8197278911564694,18.6819727891156534,17.8197278911564694,18.3945578231292588,829.3,0
HYD,20060724,18.6819727891156534,19.1993197278911638,18.6819727891156534,18.9119047619047692,2467.9,0
HYD,20060725,19.1418367346938849,22.9931972789115735,19.1418367346938849,22.1309523809523895,4800.7,0
HYD,20060726,22.7057823129251788,23.2806122448979681,22.7057823129251788,22.7057823129251788,7144.9,0
HYD,20060727,22.9931972789115735,23.2806122448979681,22.1309523809523895,22.1309523809523895,4611.6,0
HYD,20060728,21.8435374149659948,21.8435374149659948,20.4064625850340215,20.4064625850340215,1752,0
HYD,20060731,21.2687074829932055,21.5561224489796001,21.2687074829932055,21.5561224489796001,813,0
HYD,20060801,20.6938775510204161,21.5561224489796001,20.6363945578231372,21.5561224489796001,470,0
HYD,20060802,20.6363945578231372,20.6363945578231372,20.6363945578231372,20.6363945578231372,295,0
HYD,20060803,20.6938775510204161,20.6938775510204161,20.1765306122449057,20.4064625850340215,3671.9,0
HYD,20060804,20.1190476190476268,20.1190476190476268,20.1190476190476268,20.1190476190476268,57.1,0
HYD,20060807,20.1765306122449057,20.4064625850340215,20.1765306122449057,20.4064625850340215,292.9,0
HYD,20060808,20.4064625850340215,21.2687074829932055,20.4064625850340215,21.2687074829932055,870,0
HYD,20060809,21.2687074829932055,21.2687074829932055,21.2687074829932055,21.2687074829932055,2950,0
HYD,20060810,21.2687074829932055,21.2687074829932055,20.4064625850340215,20.4064625850340215,452.6,0
HYD,20060811,20.1190476190476268,20.6938775510204161,18.3945578231292588,20.6938775510204161,2790.4,0
HYD,20060814,21.2687074829932055,21.5561224489796001,20.9812925170068108,21.2687074829932055,1910,0
HYD,20060815,20.9812925170068108,22.0159863945578316,20.9812925170068108,22.0159863945578316,2817.5,0
HYD,20060816,22.4183673469387841,22.4183673469387841,21.8435374149659948,21.8435374149659948,199,0
HYD,20060817,21.7860544217687159,21.7860544217687159,21.5561224489796001,21.5561224489796001,189,0
HYD,20060818,21.2687074829932055,21.7860544217687159,21.2687074829932055,21.7860544217687159,1000,0
HYD,20060821,21.7860544217687159,21.7860544217687159,18.9693877551020481,20.1190476190476268,5958.5,0
HYD,20060822,19.4292517006802796,19.8316326530612321,19.4292517006802796,19.8316326530612321,1302.2,0
HYD,20060823,19.5442176870748374,20.1190476190476268,19.5442176870748374,20.1190476190476268,5080,0
HYD,20060824,20.1190476190476268,20.1190476190476268,20.1190476190476268,20.1190476190476268,0,0
HYD,20060825,21.2687074829932055,21.2687074829932055,20.9812925170068108,20.9812925170068108,302,0
HYD,20060828,20.9812925170068108,20.9812925170068108,20.9812925170068108,20.9812925170068108,0,0
HYD,20060829,20.1190476190476268,20.1190476190476268,20.1190476190476268,20.1190476190476268,216,0
HYD,20060830,20.1190476190476268,20.1190476190476268,20.1190476190476268,20.1190476190476268,20,0
HYD,20060831,20.9812925170068108,20.9812925170068108,20.9812925170068108,20.9812925170068108,1154.5,0
HYD,20060901,21.4986394557823212,21.5561224489796001,20.9812925170068108,20.9812925170068108,1200,0
HYD,20060904,21.5561224489796001,21.7860544217687159,21.5561224489796001,21.5561224489796001,1664.5,0
HYD,20060905,21.2687074829932055,22.1309523809523895,21.2687074829932055,22.1309523809523895,1662,0
HYD,20060906,21.9585034013605527,21.9585034013605527,21.2687074829932055,21.2687074829932055,941.6,0
HYD,20060907,20.6938775510204161,20.9812925170068108,20.6938775510204161,20.9812925170068108,2101.9,0
HYD,20060908,21.2112244897959265,21.2687074829932055,20.9812925170068108,21.2112244897959265,1250,0
HYD,20060911,20.6938775510204161,20.6938775510204161,20.1190476190476268,20.1190476190476268,2604.1,0
HYD,20060912,20.1190476190476268,20.1190476190476268,19.8316326530612321,19.8316326530612321,3545,0
HYD,20060913,20.1190476190476268,21.0962585034013687,20.1190476190476268,21.0962585034013687,1310.9,0
HYD,20060914,21.2112244897959265,21.8435374149659948,21.0962585034013687,21.8435374149659948,2505,0
HYD,20060915,21.2687074829932055,21.2687074829932055,21.0962585034013687,21.2687074829932055,604.1,0
HYD,20060918,21.2687074829932055,21.2687074829932055,21.2687074829932055,21.2687074829932055,0,0
HYD,20060919,20.1765306122449057,20.1765306122449057,20.1190476190476268,20.1190476190476268,1800,0
HYD,20060920,20.2340136054421847,20.2340136054421847,20.2340136054421847,20.2340136054421847,100,0
HYD,20060921,19.889115646258511,19.889115646258511,19.8316326530612321,19.889115646258511,530,0
HYD,20060922,20.1190476190476268,20.1190476190476268,20.1190476190476268,20.1190476190476268,292.4,0
HYD,20060925,20.1190476190476268,20.1190476190476268,20.1190476190476268,20.1190476190476268,32,0
HYD,20060926,20.1765306122449057,20.1765306122449057,20.0040816326530689,20.0040816326530689,160,0
HYD,20060927,20.0615646258503479,20.0615646258503479,20.0040816326530689,20.0040816326530689,630.6,0
HYD,20060928,20.0040816326530689,20.0040816326530689,19.8316326530612321,19.8316326530612321,380,0
HYD,20060929,19.889115646258511,19.889115646258511,18.3945578231292588,18.3945578231292588,620,0
HYD,20061002,18.3945578231292588,18.3945578231292588,18.3945578231292588,18.3945578231292588,296.6,0
HYD,20061003,18.3945578231292588,18.3945578231292588,18.3945578231292588,18.3945578231292588,180,0
HYD,20061004,18.4520408163265377,18.4520408163265377,18.3945578231292588,18.3945578231292588,1223.4,0
HYD,20061005,18.2795918367347009,18.3370748299319798,18.1071428571428641,18.3370748299319798,550,0
HYD,20061006,18.3370748299319798,18.3370748299319798,18.3370748299319798,18.3370748299319798,0,0
HYD,20061009,17.2448979591836801,17.2448979591836801,17.2448979591836801,17.2448979591836801,80,0
HYD,20061010,17.5323129251700748,17.8197278911564694,17.2448979591836801,17.2448979591836801,110,0
HYD,20061011,16.0377551020408225,16.6700680272108908,15.2329931972789174,15.8078231292517068,3755.5,0
HYD,20061012,15.8078231292517068,16.6700680272108908,15.7503401360544278,16.6700680272108908,6989.5,0
HYD,20061013,17.8197278911564694,17.8197278911564694,16.6700680272108908,16.6700680272108908,510,0
HYD,20061016,16.6700680272108908,16.6700680272108908,16.6700680272108908,16.6700680272108908,0,0
HYD,20061017,16.6125850340136118,16.6125850340136118,15.8078231292517068,16.0952380952381014,1740,0
HYD,20061018,16.0952380952381014,16.0952380952381014,15.2329931972789174,15.2329931972789174,560.5,0
HYD,20061019,15.5204081632653121,15.5204081632653121,15.5204081632653121,15.5204081632653121,125,0
HYD,20061020,15.2329931972789174,15.2904761904761964,14.6581632653061281,15.2904761904761964,1560,0
HYD,20061023,15.5204081632653121,15.5204081632653121,14.3707482993197334,14.6581632653061281,3656,0
HYD,20061024,13.7959183673469441,13.7959183673469441,13.7959183673469441,13.7959183673469441,249,0
HYD,20061025,14.6581632653061281,15.2329931972789174,14.3707482993197334,15.2329931972789174,1760,0
HYD,20061026,15.5204081632653121,16.6700680272108908,15.5204081632653121,16.3826530612244961,2120,0
HYD,20061027,16.0952380952381014,16.0952380952381014,15.8078231292517068,15.8078231292517068,2450,0
HYD,20061030,15.8078231292517068,15.8078231292517068,15.5204081632653121,15.5204081632653121,1300,0
HYD,20061031,14.9455782312925228,15.5204081632653121,14.715646258503407,15.5204081632653121,2220,0
HYD,20061101,15.5204081632653121,15.5204081632653121,15.5204081632653121,15.5204081632653121,200,0
HYD,20061102,15.3479591836734753,16.0952380952381014,14.9455782312925228,16.0952380952381014,1860,0
HYD,20061103,16.0952380952381014,16.0952380952381014,16.0952380952381014,16.0952380952381014,0,0
HYD,20061106,16.0952380952381014,16.0952380952381014,16.0952380952381014,16.0952380952381014,0,0
HYD,20061107,14.6581632653061281,15.2329931972789174,14.3707482993197334,15.2329931972789174,680,0
HYD,20061108,15.2329931972789174,15.2329931972789174,14.3707482993197334,15.2329931972789174,690,0
HYD,20061109,14.6581632653061281,14.6581632653061281,14.6581632653061281,14.6581632653061281,150,0
HYD,20061110,14.6581632653061281,15.7503401360544278,14.4282312925170124,15.7503401360544278,5093.5,0
HYD,20061113,15.8078231292517068,16.0952380952381014,15.8078231292517068,16.0952380952381014,650,0
HYD,20061114,16.0952380952381014,19.8316326530612321,16.0952380952381014,19.8316326530612321,3394.6,0
HYD,20061115,17.2448979591836801,17.8197278911564694,17.2448979591836801,17.2448979591836801,115,0
HYD,20061116,17.2448979591836801,17.2448979591836801,17.2448979591836801,17.2448979591836801,0,0
HYD,20061117,16.3826530612244961,17.1874149659864012,16.3826530612244961,17.1874149659864012,635,0
HYD,20061120,16.3826530612244961,16.3826530612244961,16.3826530612244961,16.3826530612244961,175,0
HYD,20061121,15.1755102040816385,16.3826530612244961,14.3707482993197334,16.3826530612244961,2132.6,0
HYD,20061122,15.63537414965987,16.2102040816326593,15.63537414965987,16.2102040816326593,850,0
HYD,20061123,16.2102040816326593,16.2102040816326593,16.2102040816326593,16.2102040816326593,0,0
HYD,20061124,14.4282312925170124,14.9455782312925228,14.4282312925170124,14.6581632653061281,5030,0
HYD,20061127,14.6581632653061281,14.9455782312925228,13.2210884353741547,14.9455782312925228,3852,0
HYD,20061128,14.3707482993197334,14.3707482993197334,13.5085034013605494,14.3707482993197334,1050,0
HYD,20061129,12.6462585034013654,14.3707482993197334,12.6462585034013654,14.3707482993197334,2580,0
HYD,20061130,12.7612244897959233,13.7384353741496652,11.3816326530612289,13.7384353741496652,5050,0
HYD,20061201,13.7384353741496652,13.7384353741496652,13.2210884353741547,13.2210884353741547,430,0
HYD,20061204,12.1863945578231339,12.1863945578231339,11.7265306122449025,11.7265306122449025,2470,0
HYD,20061205,11.4965986394557867,12.4163265306122497,11.4965986394557867,12.4163265306122497,1065,0
HYD,20061206,12.3588435374149707,13.5085034013605494,11.4965986394557867,13.5085034013605494,34835,0
HYD,20061207,13.2210884353741547,13.7959183673469441,12.9336734693877601,13.5085034013605494,1490,0
HYD,20061208,12.9336734693877601,13.2210884353741547,12.6462585034013654,13.2210884353741547,1001.1,0
HYD,20061211,12.7037414965986443,12.7037414965986443,9.48469387755102406,12.0714285714285761,17454.8,0
HYD,20061212,11.4678571428571472,11.4965986394557867,11.3241496598639499,11.4965986394557867,2600,0
HYD,20061213,11.6115646258503446,12.3013605442176918,11.6115646258503446,12.3013605442176918,3031.5,0
HYD,20061214,12.0714285714285761,12.3588435374149707,11.6115646258503446,12.0714285714285761,2198.5,0
HYD,20061215,12.0714285714285761,12.9336734693877601,12.0714285714285761,12.2438775510204129,3965,0
HYD,20061218,12.3588435374149707,12.3588435374149707,12.2438775510204129,12.3588435374149707,1834.7,0
HYD,20061219,11.4965986394557867,11.6690476190476235,10.9217687074829974,10.9217687074829974,15558.8,0
HYD,20061220,10.9217687074829974,11.4965986394557867,10.5193877551020449,11.4965986394557867,2940,0
HYD,20061221,11.266666666666671,11.266666666666671,10.9792517006802763,11.1517006802721131,1200,0
HYD,20061222,11.1517006802721131,11.266666666666671,11.0942176870748342,11.0942176870748342,2682,0
HYD,20061225,11.0942176870748342,11.0942176870748342,11.0942176870748342,11.0942176870748342,0,0
HYD,20061226,11.0942176870748342,11.0942176870748342,11.0942176870748342,11.0942176870748342,0,0
HYD,20061227,11.0942176870748342,11.0942176870748342,10.9217687074829974,10.9217687074829974,4700,0
HYD,20061228,10.9217687074829974,10.9217687074829974,10.9217687074829974,10.9217687074829974,2515.3,0
HYD,20061229,10.9217687074829974,10.9217687074829974,10.9217687074829974,10.9217687074829974,0,0
HYD,20070101,10.9217687074829974,10.9217687074829974,10.9217687074829974,10.9217687074829974,0,0
HYD,20070102,10.9217687074829974,10.9217687074829974,10.404421768707487,10.404421768707487,2394.7,0
HYD,20070103,10.404421768707487,10.404421768707487,10.3469387755102081,10.3469387755102081,1900,0
HYD,20070104,10.3469387755102081,10.3469387755102081,9.65714285714286086,9.65714285714286086,5219.8,0
HYD,20070105,10.5768707482993238,10.5768707482993238,10.5768707482993238,10.5768707482993238,100,0
HYD,20070108,10.6343537414966027,10.6343537414966027,10.0020408163265345,10.2319727891156502,2200,0
HYD,20070109,10.6343537414966027,10.6343537414966027,10.6343537414966027,10.6343537414966027,350,0
HYD,20070110,10.2319727891156502,10.2894557823129291,9.94455782312925552,9.94455782312925552,1182.1,0
HYD,20070111,10.0595238095238134,10.0595238095238134,9.85833333333333708,9.85833333333333708,500,0
HYD,20070112,9.88707482993197659,10.0595238095238134,9.65714285714286086,9.65714285714286086,1991.5,0
HYD,20070115,10.0595238095238134,10.0595238095238134,9.65714285714286086,9.65714285714286086,427.8,0
HYD,20070116,8.79489795918367685,9.19727891156462939,8.79489795918367685,9.08231292517007152,5984.8,0
HYD,20070117,9.08231292517007152,9.48469387755102406,8.04761904761905071,8.65119047619047952,3620,0
HYD,20070118,8.90986394557823472,9.19727891156462939,8.90986394557823472,9.19727891156462939,387.5,0
HYD,20070119,10.0595238095238134,10.9217687074829974,10.0595238095238134,10.9217687074829974,620,0
HYD,20070122,10.3469387755102081,10.6343537414966027,10.3469387755102081,10.6343537414966027,3000,0
HYD,20070123,10.6343537414966027,10.6343537414966027,10.3469387755102081,10.3469387755102081,2950,0
HYD,20070124,10.0595238095238134,10.0595238095238134,9.48469387755102406,9.48469387755102406,500,0
HYD,20070125,9.42721088435374512,9.48469387755102406,9.42721088435374512,9.48469387755102406,2437.5,0
HYD,20070126,9.48469387755102406,9.48469387755102406,9.48469387755102406,9.48469387755102406,0,0
HYD,20070129,9.48469387755102406,9.54217687074830299,9.31224489795918726,9.31224489795918726,1022.5,0
HYD,20070130,9.42721088435374512,10.6343537414966027,9.42721088435374512,10.6343537414966027,2067,0
HYD,20070131,10.6343537414966027,12.5312925170068075,10.6343537414966027,12.5312925170068075,5880,0
HYD,20070201,12.5312925170068075,14.2557823129251756,12.5312925170068075,13.5085034013605494,6717,0
HYD,20070202,13.5085034013605494,13.5085034013605494,13.2210884353741547,13.2210884353741547,1550,0
HYD,20070205,11.6115646258503446,12.3013605442176918,11.2091836734693921,11.4965986394557867,5146,0
HYD,20070206,11.4965986394557867,12.0714285714285761,11.3241496598639499,12.0714285714285761,6337,0
HYD,20070207,11.2091836734693921,11.2091836734693921,9.19727891156462939,10.6343537414966027,25723.2,0
HYD,20070208,9.77210884353741872,10.0595238095238134,9.77210884353741872,10.0595238095238134,3900,0
HYD,20070209,9.91581632653061611,10.5768707482993238,9.88707482993197659,10.5768707482993238,6103,0
HYD,20070212,10.0882653061224528,10.3469387755102081,9.77210884353741872,10.3469387755102081,1370,0
HYD,20070213,10.3469387755102081,10.3469387755102081,9.71462585034013979,10.0595238095238134,1961.8,0
HYD,20070214,10.0595238095238134,10.0595238095238134,10.0595238095238134,10.0595238095238134,0,0
HYD,20070215,9.77210884353741872,9.77210884353741872,8.79489795918367685,8.79489795918367685,11660.7,0
HYD,20070216,8.90986394557823472,8.90986394557823472,8.04761904761905071,8.62244897959184005,18582.7,0
HYD,20070219,8.53622448979592165,8.62244897959184005,8.39251700680272432,8.56496598639456112,6790.8,0
HYD,20070220,8.56496598639456112,8.56496598639456112,7.99013605442177178,8.10510204081632965,11112.5,0
HYD,20070221,7.76020408163265605,7.84642857142857445,7.24285714285714564,7.47278911564626138,12224.1,0
HYD,20070222,7.18537414965986671,7.18537414965986671,5.17346938775510403,5.4608843537414987,35874.7,0
HYD,20070223,6.55306122448979844,9.77210884353741872,6.55306122448979844,9.77210884353741872,28459.7,0
HYD,20070226,9.88707482993197659,9.94455782312925552,9.13979591836735045,9.94455782312925552,7001,0
HYD,20070227,9.88707482993197659,10.3469387755102081,9.19727891156462939,9.48469387755102406,7011.1,0
HYD,20070228,9.19727891156462939,9.19727891156462939,8.04761904761905071,8.39251700680272432,6240.6,0
HYD,20070301,8.62244897959184005,9.42721088435374512,8.22006802721088752,9.42721088435374512,7561.1,0
HYD,20070302,9.42721088435374512,9.48469387755102406,9.42721088435374512,9.48469387755102406,2492,0
HYD,20070305,9.71462585034013979,9.71462585034013979,9.71462585034013979,9.71462585034013979,50,0
HYD,20070306,8.45000000000000325,8.45000000000000325,8.45000000000000325,8.45000000000000325,350,0
HYD,20070307,9.65714285714286086,9.65714285714286086,8.79489795918367685,9.48469387755102406,1151.2,0
HYD,20070308,8.39251700680272432,8.90986394557823472,8.33503401360544538,8.90986394557823472,1000,0
HYD,20070309,8.90986394557823472,8.90986394557823472,8.90986394557823472,8.90986394557823472,0,0
HYD,20070312,8.33503401360544538,8.33503401360544538,6.89795918367347204,8.10510204081632965,7235,0
HYD,20070313,8.33503401360544538,8.33503401360544538,7.61649659863945871,7.61649659863945871,615.4,0
HYD,20070314,7.76020408163265605,8.50748299319728218,7.24285714285714564,8.50748299319728218,4034.5,0
HYD,20070315,8.04761904761905071,8.33503401360544538,8.04761904761905071,8.33503401360544538,1070.5,0
HYD,20070316,8.10510204081632965,8.10510204081632965,7.99013605442177178,8.10510204081632965,2800,0
HYD,20070319,8.04761904761905071,8.33503401360544538,8.04761904761905071,8.04761904761905071,980,0
HYD,20070320,8.04761904761905071,8.04761904761905071,7.58775510204081924,7.58775510204081924,850,0
HYD,20070321,8.04761904761905071,8.04761904761905071,7.58775510204081924,7.58775510204081924,1583.3,0
HYD,20070322,7.64523809523809818,7.99013605442177178,7.47278911564626138,7.47278911564626138,5650,0
HYD,20070323,7.76020408163265605,7.99013605442177178,7.76020408163265605,7.76020408163265605,730,0
HYD,20070326,8.16258503401360858,8.62244897959184005,8.04761904761905071,8.04761904761905071,4298.8,0
HYD,20070327,8.22006802721088752,8.22006802721088752,7.70272108843537711,8.01887755102041125,2116.2,0
HYD,20070328,7.76020408163265605,7.76020408163265605,7.76020408163265605,7.76020408163265605,1100,0
HYD,20070329,7.76020408163265605,7.76020408163265605,7.18537414965986671,7.18537414965986671,4130.2,0
HYD,20070330,7.41530612244898244,7.47278911564626138,7.01292517006802991,7.47278911564626138,2100,0
HYD,20070402,7.30034013605442458,7.30034013605442458,6.66802721088435631,6.66802721088435631,2910.2,0
HYD,20070403,6.66802721088435631,6.66802721088435631,5.9782312925170091,6.3231292517006827,4775,0
HYD,20070404,6.61054421768707737,6.72551020408163524,6.3231292517006827,6.3231292517006827,1495,0
HYD,20070405,6.55306122448979844,7.18537414965986671,6.55306122448979844,6.61054421768707737,4105,0
HYD,20070406,6.61054421768707737,6.61054421768707737,6.61054421768707737,6.61054421768707737,0,0
HYD,20070409,6.61054421768707737,6.61054421768707737,6.61054421768707737,6.61054421768707737,0,0
HYD,20070410,6.61054421768707737,6.89795918367347204,6.4955782312925195,6.89795918367347204,2180,0
HYD,20070411,6.69676870748299577,6.89795918367347204,6.38061224489796164,6.38061224489796164,5952,0
HYD,20070412,6.38061224489796164,6.89795918367347204,6.12193877551020644,6.89795918367347204,5687.7,0
HYD,20070413,6.89795918367347204,6.89795918367347204,6.3231292517006827,6.3231292517006827,8556,0
HYD,20070416,6.43809523809524057,6.55306122448979844,6.3231292517006827,6.3231292517006827,2318.3,0
HYD,20070417,6.3231292517006827,6.3231292517006827,5.92074829931973017,6.3231292517006827,6720,0
HYD,20070418,6.3231292517006827,6.3231292517006827,5.86326530612245124,6.03571428571428804,2275,0
HYD,20070419,6.00697278911564857,6.00697278911564857,5.2884353741496619,5.74829931972789337,22978,0
HYD,20070420,5.86326530612245124,6.00697278911564857,5.6333333333333355,5.74829931972789337,7245.6,0
HYD,20070423,5.74829931972789337,5.74829931972789337,5.51836734693877763,5.6333333333333355,4754,0
HYD,20070424,5.74829931972789337,5.74829931972789337,5.57585034013605657,5.57585034013605657,4700,0
HYD,20070425,5.57585034013605657,5.57585034013605657,5.57585034013605657,5.57585034013605657,0,0
HYD,20070426,5.57585034013605657,5.57585034013605657,5.23095238095238296,5.23095238095238296,5283,0
HYD,20070427,5.2884353741496619,5.69081632653061443,5.2884353741496619,5.40340136054421977,4936.7,0
HYD,20070430,5.40340136054421977,5.4608843537414987,5.40340136054421977,5.40340136054421977,6500,0
HYD,20070501,5.4608843537414987,5.4608843537414987,5.4608843537414987,5.4608843537414987,500,0
HYD,20070502,5.4608843537414987,5.4608843537414987,5.4608843537414987,5.4608843537414987,0,0
HYD,20070503,5.51836734693877763,5.51836734693877763,5.40340136054421977,5.4608843537414987,4855,0
HYD,20070504,5.51836734693877763,5.51836734693877763,5.34591836734694083,5.40340136054421977,5360,0
HYD,20070507,5.40340136054421977,5.40340136054421977,5.25969387755102243,5.34591836734694083,4055,0
HYD,20070508,5.2884353741496619,5.2884353741496619,4.9435374149659883,4.9435374149659883,2432.2,0
HYD,20070509,4.88605442176870936,4.88605442176870936,4.59863945578231469,4.59863945578231469,8390,0
HYD,20070510,4.59863945578231469,4.59863945578231469,4.13877551020408322,4.51241496598639629,2520,0
HYD,20070511,4.51241496598639629,7.84642857142857445,4.51241496598639629,7.18537414965986671,26365.1,0
HYD,20070514,7.47278911564626138,7.47278911564626138,6.72551020408163524,6.89795918367347204,15413,0
HYD,20070515,6.89795918367347204,6.89795918367347204,5.74829931972789337,5.74829931972789337,11184,0
HYD,20070516,5.74829931972789337,6.20816326530612484,5.74829931972789337,5.92074829931973017,5705,0
HYD,20070517,5.86326530612245124,5.86326530612245124,5.17346938775510403,5.40340136054421977,68330,0
HYD,20070518,5.51836734693877763,5.57585034013605657,5.4608843537414987,5.57585034013605657,2775.2,0
HYD,20070521,5.8057823129251723,6.26564625850340377,5.8057823129251723,6.03571428571428804,4190,0
HYD,20070522,6.09319727891156697,6.26564625850340377,6.03571428571428804,6.09319727891156697,7839.5,0
HYD,20070523,6.00697278911564857,6.00697278911564857,5.74829931972789337,5.74829931972789337,1300,0
HYD,20070524,5.74829931972789337,5.74829931972789337,5.74829931972789337,5.74829931972789337,2050.5,0
HYD,20070525,5.74829931972789337,5.8057823129251723,5.74829931972789337,5.8057823129251723,1180,0
HYD,20070528,5.74829931972789337,5.83452380952381177,5.51836734693877763,5.6333333333333355,2473.1,0
HYD,20070529,5.57585034013605657,5.57585034013605657,5.34591836734694083,5.34591836734694083,1600,0
HYD,20070530,5.2884353741496619,5.40340136054421977,5.05850340136054616,5.1159863945578251,3120,0
HYD,20070531,5.17346938775510403,5.40340136054421977,5.1159863945578251,5.1159863945578251,2656.5,0
HYD,20070601,5.1159863945578251,5.1159863945578251,5.05850340136054616,5.1159863945578251,640,0
HYD,20070604,5.51836734693877763,5.51836734693877763,5.1159863945578251,5.2022108843537435,6984.6,0
HYD,20070605,5.14472789115646456,5.17346938775510403,5.05850340136054616,5.17346938775510403,9100,0
HYD,20070606,5.0297619047619067,5.17346938775510403,5.0297619047619067,5.05850340136054616,1168,0
HYD,20070607,5.05850340136054616,5.05850340136054616,5.05850340136054616,5.05850340136054616,1000,0
HYD,20070608,5.05850340136054616,5.05850340136054616,4.9435374149659883,5.00102040816326723,5590,0
HYD,20070611,5.00102040816326723,5.00102040816326723,5.00102040816326723,5.00102040816326723,0,0
HYD,20070612,5.17346938775510403,5.69081632653061443,5.17346938775510403,5.34591836734694083,16566.3,0
HYD,20070613,5.17346938775510403,5.17346938775510403,5.05850340136054616,5.05850340136054616,2200,0
HYD,20070614,5.1159863945578251,5.17346938775510403,4.54115646258503576,5.17346938775510403,8736.1,0
HYD,20070615,5.34591836734694083,5.34591836734694083,5.17346938775510403,5.17346938775510403,1200,0
HYD,20070618,4.88605442176870936,4.88605442176870936,4.88605442176870936,4.88605442176870936,100,0
HYD,20070619,4.9435374149659883,4.9435374149659883,4.82857142857143043,4.82857142857143043,900,0
HYD,20070620,4.9435374149659883,5.1159863945578251,4.59863945578231469,4.59863945578231469,6722.2,0
HYD,20070621,4.59863945578231469,4.59863945578231469,4.54115646258503576,4.54115646258503576,3002.8,0
HYD,20070622,4.48367346938775683,4.48367346938775683,4.25374149659864109,4.33996598639455949,4563,0
HYD,20070625,4.25374149659864109,4.39744897959183843,3.73639455782313069,4.39744897959183843,11430.9,0
HYD,20070626,4.36870748299319896,4.7710884353741515,3.93758503401360696,4.36870748299319896,10694.9,0
HYD,20070627,4.31122448979592003,4.31122448979592003,3.85136054421768856,4.08129251700680429,12612.5,0
HYD,20070628,4.08129251700680429,4.08129251700680429,3.96632653061224642,4.05255102040816482,2952.4,0
HYD,20070629,4.05255102040816482,4.08129251700680429,3.85136054421768856,3.88010204081632802,21434.8,0
HYD,20070702,4.02380952380952536,4.7710884353741515,4.02380952380952536,4.65612244897959363,2539.6,0
HYD,20070703,4.59863945578231469,4.59863945578231469,4.05255102040816482,4.05255102040816482,2151.2,0
HYD,20070704,4.05255102040816482,4.05255102040816482,4.05255102040816482,4.05255102040816482,0,0
HYD,20070705,4.11003401360544376,4.42619047619047789,4.02380952380952536,4.02380952380952536,2567.7,0
HYD,20070706,4.16751700680272269,4.22500000000000163,4.16751700680272269,4.16751700680272269,1695.2,0
HYD,20070709,4.19625850340136216,4.48367346938775683,4.16751700680272269,4.22500000000000163,934.8,0
HYD,20070710,4.22500000000000163,4.22500000000000163,4.22500000000000163,4.22500000000000163,131.5,0
HYD,20070711,4.22500000000000163,4.22500000000000163,4.22500000000000163,4.22500000000000163,0,0
HYD,20070712,4.22500000000000163,4.22500000000000163,4.22500000000000163,4.22500000000000163,0,0
HYD,20070713,4.22500000000000163,4.22500000000000163,4.22500000000000163,4.22500000000000163,0,0
HYD,20070716,4.08129251700680429,4.08129251700680429,3.96632653061224642,3.96632653061224642,2333.3,0
HYD,20070717,3.96632653061224642,3.96632653061224642,3.33401360544217815,3.88010204081632802,12176.5,0
HYD,20070718,3.96632653061224642,3.96632653061224642,3.76513605442177016,3.76513605442177016,4100,0
HYD,20070719,3.79387755102040962,3.79387755102040962,3.79387755102040962,3.79387755102040962,1000,0
HYD,20070720,3.56394557823129389,3.56394557823129389,3.33401360544217815,3.44897959183673602,13575.7,0
HYD,20070723,3.21904761904762029,3.36275510204081762,3.21904761904762029,3.21904761904762029,978.4,0
HYD,20070724,3.33401360544217815,3.44897959183673602,3.33401360544217815,3.33401360544217815,944.1,0
HYD,20070725,3.82261904761904909,3.82261904761904909,3.33401360544217815,3.33401360544217815,4350,0
HYD,20070726,3.39149659863945709,3.39149659863945709,2.58673469387755202,2.58673469387755202,12191.4,0
HYD,20070727,2.58673469387755202,2.58673469387755202,2.58673469387755202,2.58673469387755202,0,0
HYD,20070730,2.58673469387755202,2.58673469387755202,2.58673469387755202,2.58673469387755202,0,0
HYD,20070731,2.58673469387755202,2.58673469387755202,2.58673469387755202,2.58673469387755202,0,0
HYD,20070801,2.58673469387755202,2.58673469387755202,2.58673469387755202,2.58673469387755202,0,0
HYD,20070802,2.58673469387755202,2.58673469387755202,2.58673469387755202,2.58673469387755202,0,0
HYD,20070803,2.58673469387755202,2.58673469387755202,2.58673469387755202,2.58673469387755202,0,0
HYD,20070806,2.58673469387755202,2.58673469387755202,2.58673469387755202,2.58673469387755202,0,0
HYD,20070807,2.58673469387755202,2.58673469387755202,2.58673469387755202,2.58673469387755202,0,0
HYD,20070808,2.58673469387755202,2.58673469387755202,2.58673469387755202,2.58673469387755202,0,0
HYD,20070809,2.58673469387755202,2.58673469387755202,2.58673469387755202,2.58673469387755202,0,0
HYD,20070810,2.58673469387755202,2.58673469387755202,2.58673469387755202,2.58673469387755202,0,0
HYD,20070813,2.58673469387755202,2.58673469387755202,2.58673469387755202,2.58673469387755202,0,0
HYD,20070814,2.58673469387755202,2.58673469387755202,2.58673469387755202,2.58673469387755202,0,0
HYD,20070815,2.58673469387755202,2.58673469387755202,2.58673469387755202,2.58673469387755202,0,0
HYD,20070816,2.58673469387755202,2.58673469387755202,2.58673469387755202,2.58673469387755202,0,0
HYD,20070817,2.58673469387755202,2.58673469387755202,2.58673469387755202,2.58673469387755202,0,0
HYD,20070820,2.58673469387755202,2.58673469387755202,2.58673469387755202,2.58673469387755202,0,0
HYD,20070821,2.58673469387755202,2.58673469387755202,2.58673469387755202,2.58673469387755202,0,0
HYD,20070822,2.58673469387755202,2.58673469387755202,2.58673469387755202,2.58673469387755202,0,0
HYD,20070823,2.58673469387755202,2.58673469387755202,2.58673469387755202,2.58673469387755202,0,0
HYD,20070824,2.58673469387755202,2.58673469387755202,2.58673469387755202,2.58673469387755202,0,0
HYD,20070827,2.58673469387755202,2.58673469387755202,2.58673469387755202,2.58673469387755202,0,0
HYD,20070828,2.58673469387755202,2.58673469387755202,2.58673469387755202,2.58673469387755202,0,0
HYD,20070829,2.58673469387755202,2.58673469387755202,2.58673469387755202,2.58673469387755202,0,0
HYD,20070830,2.58673469387755202,2.58673469387755202,2.58673469387755202,2.58673469387755202,0,0
HYD,20070831,2.58673469387755202,2.58673469387755202,2.58673469387755202,2.58673469387755202,0,0
HYD,20070903,2.58673469387755202,2.58673469387755202,2.58673469387755202,2.58673469387755202,0,0
HYD,20070904,2.58673469387755202,2.58673469387755202,2.58673469387755202,2.58673469387755202,0,0
HYD,20070905,2.58673469387755202,2.58673469387755202,2.58673469387755202,2.58673469387755202,0,0
HYD,20070906,2.58673469387755202,2.58673469387755202,2.58673469387755202,2.58673469387755202,0,0
HYD,20070907,2.58673469387755202,2.58673469387755202,2.58673469387755202,2.58673469387755202,0,0
HYD,20070910,2.58673469387755202,2.58673469387755202,2.58673469387755202,2.58673469387755202,0,0
HYD,20070911,2.58673469387755202,2.58673469387755202,2.58673469387755202,2.58673469387755202,0,0
HYD,20070912,2.58673469387755202,2.58673469387755202,2.58673469387755202,2.58673469387755202,0,0
HYD,20070913,2.58673469387755202,2.58673469387755202,2.58673469387755202,2.58673469387755202,0,0
HYD,20070914,2.58673469387755202,2.58673469387755202,2.58673469387755202,2.58673469387755202,0,0
HYD,20070917,2.58673469387755202,2.58673469387755202,2.58673469387755202,2.58673469387755202,0,0
HYD,20070918,2.58673469387755202,2.58673469387755202,2.58673469387755202,2.58673469387755202,0,0
HYD,20070919,2.58673469387755202,2.58673469387755202,2.58673469387755202,2.58673469387755202,0,0
HYD,20070920,2.58673469387755202,2.58673469387755202,2.58673469387755202,2.58673469387755202,0,0
HYD,20070921,2.58673469387755202,2.58673469387755202,2.58673469387755202,2.58673469387755202,0,0
HYD,20070924,2.58673469387755202,2.58673469387755202,2.58673469387755202,2.58673469387755202,0,0
HYD,20070925,2.58673469387755202,2.58673469387755202,2.58673469387755202,2.58673469387755202,0,0
HYD,20070926,2.58673469387755202,2.58673469387755202,2.58673469387755202,2.58673469387755202,0,0
HYD,20070927,2.58673469387755202,2.58673469387755202,2.58673469387755202,2.58673469387755202,0,0
HYD,20070928,2.58673469387755202,2.58673469387755202,2.58673469387755202,2.58673469387755202,0,0
HYD,20071001,2.58673469387755202,2.58673469387755202,2.58673469387755202,2.58673469387755202,0,0
HYD,20071002,2.58673469387755202,2.58673469387755202,2.58673469387755202,2.58673469387755202,0,0
HYD,20071003,2.58673469387755202,2.58673469387755202,2.58673469387755202,2.58673469387755202,0,0
HYD,20071004,2.58673469387755202,2.58673469387755202,2.58673469387755202,2.58673469387755202,0,0
HYD,20071005,2.58673469387755202,2.58673469387755202,2.58673469387755202,2.58673469387755202,0,0
HYD,20071008,2.58673469387755202,2.58673469387755202,2.58673469387755202,2.58673469387755202,0,0
HYD,20071009,2.58673469387755202,2.58673469387755202,2.58673469387755202,2.58673469387755202,0,0
HYD,20071010,2.58673469387755202,2.58673469387755202,2.58673469387755202,2.58673469387755202,0,0
HYD,20071011,2.58673469387755202,2.58673469387755202,2.58673469387755202,2.58673469387755202,0,0
HYD,20071012,2.58673469387755202,2.58673469387755202,2.58673469387755202,2.58673469387755202,0,0
HYD,20071015,2.58673469387755202,2.58673469387755202,2.58673469387755202,2.58673469387755202,0,0
HYD,20071016,2.58673469387755202,2.58673469387755202,2.58673469387755202,2.58673469387755202,0,0
HYD,20071017,2.58673469387755202,2.58673469387755202,2.58673469387755202,2.58673469387755202,0,0
HYD,20071018,2.58673469387755202,2.58673469387755202,2.58673469387755202,2.58673469387755202,0,0
HYD,20071019,2.58673469387755202,2.58673469387755202,2.58673469387755202,2.58673469387755202,0,0
HYD,20071022,2.58673469387755202,2.58673469387755202,2.58673469387755202,2.58673469387755202,0,0
HYD,20071023,2.58673469387755202,2.58673469387755202,2.58673469387755202,2.58673469387755202,0,0
HYD,20071024,2.58673469387755202,2.58673469387755202,2.58673469387755202,2.58673469387755202,0,0
HYD,20071025,2.58673469387755202,2.58673469387755202,2.58673469387755202,2.58673469387755202,0,0
HYD,20071026,2.58673469387755202,2.58673469387755202,2.58673469387755202,2.58673469387755202,0,0
HYD,20071029,2.58673469387755202,2.58673469387755202,2.58673469387755202,2.58673469387755202,0,0
HYD,20071030,2.58673469387755202,2.58673469387755202,2.58673469387755202,2.58673469387755202,0,0
HYD,20071031,2.58673469387755202,2.58673469387755202,2.58673469387755202,2.58673469387755202,0,0
HYD,20071101,2.58673469387755202,2.58673469387755202,2.58673469387755202,2.58673469387755202,0,0
HYD,20071102,2.58673469387755202,2.58673469387755202,2.58673469387755202,2.58673469387755202,0,0
HYD,20071105,2.58673469387755202,2.58673469387755202,2.58673469387755202,2.58673469387755202,0,0
HYD,20071106,2.58673469387755202,2.58673469387755202,2.58673469387755202,2.58673469387755202,0,0
HYD,20071107,2.58673469387755202,2.58673469387755202,2.58673469387755202,2.58673469387755202,0,0
HYD,20071108,2.58673469387755202,2.58673469387755202,2.58673469387755202,2.58673469387755202,0,0
HYD,20071109,2.58673469387755202,2.58673469387755202,2.58673469387755202,2.58673469387755202,0,0
HYD,20071112,2.58673469387755202,2.58673469387755202,2.58673469387755202,2.58673469387755202,0,0
HYD,20071113,2.58673469387755202,2.58673469387755202,2.58673469387755202,2.58673469387755202,0,0
HYD,20071114,2.58673469387755202,2.58673469387755202,2.58673469387755202,2.58673469387755202,0,0
HYD,20071115,2.58673469387755202,2.58673469387755202,2.58673469387755202,2.58673469387755202,0,0
HYD,20071116,2.58673469387755202,2.58673469387755202,2.58673469387755202,2.58673469387755202,0,0
HYD,20071119,2.58673469387755202,2.58673469387755202,2.58673469387755202,2.58673469387755202,0,0
HYD,20071120,2.58673469387755202,2.58673469387755202,2.58673469387755202,2.58673469387755202,0,0
HYD,20071121,2.58673469387755202,2.58673469387755202,2.58673469387755202,2.58673469387755202,0,0
HYD,20071122,2.58673469387755202,2.58673469387755202,2.58673469387755202,2.58673469387755202,0,0
HYD,20071123,2.58673469387755202,2.58673469387755202,2.58673469387755202,2.58673469387755202,0,0
HYD,20071126,2.58673469387755202,2.58673469387755202,2.58673469387755202,2.58673469387755202,0,0
HYD,20071127,2.58673469387755202,2.58673469387755202,2.58673469387755202,2.58673469387755202,0,0
HYD,20071128,2.58673469387755202,2.58673469387755202,2.58673469387755202,2.58673469387755202,0,0
HYD,20071129,2.58673469387755202,2.58673469387755202,2.58673469387755202,2.58673469387755202,0,0
HYD,20071130,2.58673469387755202,2.58673469387755202,2.58673469387755202,2.58673469387755202,0,0
HYD,20071203,2.58673469387755202,2.58673469387755202,2.58673469387755202,2.58673469387755202,0,0
HYD,20071204,2.58673469387755202,2.58673469387755202,2.58673469387755202,2.58673469387755202,0,0
HYD,20071205,2.58673469387755202,2.58673469387755202,2.58673469387755202,2.58673469387755202,0,0
HYD,20071206,2.58673469387755202,2.58673469387755202,2.58673469387755202,2.58673469387755202,0,0
HYD,20071207,2.58673469387755202,2.58673469387755202,2.58673469387755202,2.58673469387755202,0,0
HYD,20071210,2.58673469387755202,2.58673469387755202,2.58673469387755202,2.58673469387755202,0,0
HYD,20071211,2.58673469387755202,2.58673469387755202,2.58673469387755202,2.58673469387755202,0,0
HYD,20071212,2.58673469387755202,2.58673469387755202,2.58673469387755202,2.58673469387755202,0,0
HYD,20071213,2.58673469387755202,2.58673469387755202,2.58673469387755202,2.58673469387755202,0,0
HYD,20071214,2.58673469387755202,2.58673469387755202,2.58673469387755202,2.58673469387755202,0,0
HYD,20071217,2.58673469387755202,2.58673469387755202,2.58673469387755202,2.58673469387755202,0,0
HYD,20071218,2.58673469387755202,2.58673469387755202,2.58673469387755202,2.58673469387755202,0,0
HYD,20071219,2.58673469387755202,2.58673469387755202,2.58673469387755202,2.58673469387755202,0,0
HYD,20071220,2.58673469387755202,2.58673469387755202,2.58673469387755202,2.58673469387755202,0,0
HYD,20071221,2.58673469387755202,2.58673469387755202,2.58673469387755202,2.58673469387755202,0,0
HYD,20071224,2.58673469387755202,2.58673469387755202,2.58673469387755202,2.58673469387755202,0,0
HYD,20071225,2.58673469387755202,2.58673469387755202,2.58673469387755202,2.58673469387755202,0,0
HYD,20071226,2.58673469387755202,2.58673469387755202,2.58673469387755202,2.58673469387755202,0,0
HYD,20071227,2.58673469387755202,2.58673469387755202,2.58673469387755202,2.58673469387755202,0,0
HYD,20071228,2.58673469387755202,2.58673469387755202,2.58673469387755202,2.58673469387755202,0,0
HYD,20071231,2.58673469387755202,2.58673469387755202,2.58673469387755202,2.58673469387755202,0,0
HYD,20080101,2.58673469387755202,2.58673469387755202,2.58673469387755202,2.58673469387755202,0,0
HYD,20080102,2.58673469387755202,2.58673469387755202,2.58673469387755202,2.58673469387755202,0,0
HYD,20080103,2.58673469387755202,2.58673469387755202,2.58673469387755202,2.58673469387755202,0,0
HYD,20080104,2.58673469387755202,2.58673469387755202,2.58673469387755202,2.58673469387755202,0,0
HYD,20080107,2.58673469387755202,2.58673469387755202,2.58673469387755202,2.58673469387755202,0,0
HYD,20080108,2.58673469387755202,2.58673469387755202,2.58673469387755202,2.58673469387755202,0,0
HYD,20080109,2.58673469387755202,2.58673469387755202,2.58673469387755202,2.58673469387755202,0,0
HYD,20080110,2.58673469387755202,2.58673469387755202,2.58673469387755202,2.58673469387755202,0,0
HYD,20080111,2.58673469387755202,2.58673469387755202,2.58673469387755202,2.58673469387755202,0,0
HYD,20080114,2.58673469387755202,2.58673469387755202,2.58673469387755202,2.58673469387755202,0,0
HYD,20080115,2.58673469387755202,2.58673469387755202,2.58673469387755202,2.58673469387755202,0,0
HYD,20080116,2.58673469387755202,2.58673469387755202,2.58673469387755202,2.58673469387755202,0,0
HYD,20080117,2.58673469387755202,2.58673469387755202,2.58673469387755202,2.58673469387755202,0,0
HYD,20080118,2.58673469387755202,2.58673469387755202,2.58673469387755202,2.58673469387755202,0,0
HYD,20080121,2.58673469387755202,2.58673469387755202,2.58673469387755202,2.58673469387755202,0,0
HYD,20080122,2.58673469387755202,2.58673469387755202,2.58673469387755202,2.58673469387755202,0,0
HYD,20080123,2.58673469387755202,2.58673469387755202,2.58673469387755202,2.58673469387755202,0,0
HYD,20080124,2.58673469387755202,2.58673469387755202,2.58673469387755202,2.58673469387755202,0,0
HYD,20080125,2.58673469387755202,2.58673469387755202,2.58673469387755202,2.58673469387755202,0,0
HYD,20080128,2.58673469387755202,2.58673469387755202,2.58673469387755202,2.58673469387755202,0,0
HYD,20080129,2.58673469387755202,2.58673469387755202,2.58673469387755202,2.58673469387755202,0,0
HYD,20080130,2.58673469387755202,2.58673469387755202,2.58673469387755202,2.58673469387755202,0,0
HYD,20080131,2.58673469387755202,2.58673469387755202,2.58673469387755202,2.58673469387755202,0,0
HYD,20080201,2.58673469387755202,2.58673469387755202,2.58673469387755202,2.58673469387755202,0,0
HYD,20080204,2.58673469387755202,2.58673469387755202,2.58673469387755202,2.58673469387755202,0,0
HYD,20080205,2.58673469387755202,2.58673469387755202,2.58673469387755202,2.58673469387755202,0,0
HYD,20080206,2.58673469387755202,2.58673469387755202,2.58673469387755202,2.58673469387755202,0,0
HYD,20080207,2.58673469387755202,2.58673469387755202,2.58673469387755202,2.58673469387755202,0,0
HYD,20080208,2.58673469387755202,2.58673469387755202,2.58673469387755202,2.58673469387755202,0,0
HYD,20080211,2.58673469387755202,2.58673469387755202,2.58673469387755202,2.58673469387755202,0,0
HYD,20080212,2.58673469387755202,2.58673469387755202,2.58673469387755202,2.58673469387755202,0,0
HYD,20080213,2.58673469387755202,2.58673469387755202,2.58673469387755202,2.58673469387755202,0,0
HYD,20080214,2.58673469387755202,2.58673469387755202,2.58673469387755202,2.58673469387755202,0,0
HYD,20080215,2.58673469387755202,2.58673469387755202,2.58673469387755202,2.58673469387755202,0,0
HYD,20080218,2.58673469387755202,2.58673469387755202,2.58673469387755202,2.58673469387755202,0,0
HYD,20080219,2.58673469387755202,2.58673469387755202,2.58673469387755202,2.58673469387755202,0,0
HYD,20080220,2.58673469387755202,2.58673469387755202,2.58673469387755202,2.58673469387755202,0,0
HYD,20080221,2.58673469387755202,2.58673469387755202,2.58673469387755202,2.58673469387755202,0,0
HYD,20080222,2.58673469387755202,2.58673469387755202,2.58673469387755202,2.58673469387755202,0,0
HYD,20080225,2.58673469387755202,2.58673469387755202,2.58673469387755202,2.58673469387755202,0,0
HYD,20080226,2.58673469387755202,2.58673469387755202,2.58673469387755202,2.58673469387755202,0,0
HYD,20080227,2.58673469387755202,2.58673469387755202,2.58673469387755202,2.58673469387755202,0,0
HYD,20080228,2.58673469387755202,2.58673469387755202,2.58673469387755202,2.58673469387755202,0,0
HYD,20080229,2.58673469387755202,2.58673469387755202,2.58673469387755202,2.58673469387755202,0,0
HYD,20080303,2.58673469387755202,2.58673469387755202,2.58673469387755202,2.58673469387755202,0,0
HYD,20080304,2.58673469387755202,2.58673469387755202,2.58673469387755202,2.58673469387755202,0,0
HYD,20080305,2.58673469387755202,2.58673469387755202,2.58673469387755202,2.58673469387755202,0,0
HYD,20080306,2.58673469387755202,2.58673469387755202,2.58673469387755202,2.58673469387755202,0,0
HYD,20080307,2.58673469387755202,2.58673469387755202,2.58673469387755202,2.58673469387755202,0,0
HYD,20080310,2.58673469387755202,2.58673469387755202,2.58673469387755202,2.58673469387755202,0,0
HYD,20080311,2.58673469387755202,2.58673469387755202,2.58673469387755202,2.58673469387755202,0,0
HYD,20080312,2.58673469387755202,2.58673469387755202,2.58673469387755202,2.58673469387755202,0,0
HYD,20080313,2.58673469387755202,2.58673469387755202,2.58673469387755202,2.58673469387755202,0,0
HYD,20080314,2.58673469387755202,2.58673469387755202,2.58673469387755202,2.58673469387755202,0,0
HYD,20080317,2.58673469387755202,2.58673469387755202,2.58673469387755202,2.58673469387755202,0,0
HYD,20080318,2.58673469387755202,2.58673469387755202,2.58673469387755202,2.58673469387755202,0,0
HYD,20080319,2.58673469387755202,2.58673469387755202,2.58673469387755202,2.58673469387755202,0,0
HYD,20080320,2.58673469387755202,2.58673469387755202,2.58673469387755202,2.58673469387755202,0,0
HYD,20080321,2.58673469387755202,2.58673469387755202,2.58673469387755202,2.58673469387755202,0,0
HYD,20080324,2.58673469387755202,2.58673469387755202,2.58673469387755202,2.58673469387755202,0,0
HYD,20080325,2.58673469387755202,2.58673469387755202,2.58673469387755202,2.58673469387755202,0,0
HYD,20080326,2.58673469387755202,2.58673469387755202,2.58673469387755202,2.58673469387755202,0,0
HYD,20080327,2.58673469387755202,2.58673469387755202,2.58673469387755202,2.58673469387755202,0,0
HYD,20080328,2.58673469387755202,2.58673469387755202,2.58673469387755202,2.58673469387755202,0,0
HYD,20080331,2.58673469387755202,2.58673469387755202,2.58673469387755202,2.58673469387755202,0,0
HYD,20080401,2.87414965986394668,2.87414965986394668,2.58673469387755202,2.58673469387755202,5020,0
HYD,20080402,2.47176870748299415,2.47176870748299415,1.55204081632653121,1.55204081632653121,5785,0
HYD,20080403,1.55204081632653121,1.89693877551020481,1.49455782312925228,1.60952380952381014,11019,0
HYD,20080404,1.60952380952381014,1.60952380952381014,1.49455782312925228,1.49455782312925228,12067,0
HYD,20080407,1.55204081632653121,1.55204081632653121,1.37959183673469441,1.37959183673469441,8233,0
HYD,20080408,1.37959183673469441,1.37959183673469441,1.32210884353741547,1.32210884353741547,5347.2,0
HYD,20080409,1.32210884353741547,1.35085034013605494,1.32210884353741547,1.35085034013605494,3200,0
HYD,20080410,1.37959183673469441,1.43707482993197334,1.37959183673469441,1.43707482993197334,2757.5,0
HYD,20080411,1.46581632653061281,1.46581632653061281,1.46581632653061281,1.46581632653061281,100,0
HYD,20080414,1.37959183673469441,1.37959183673469441,1.37959183673469441,1.37959183673469441,200,0
HYD,20080415,1.43707482993197334,1.49455782312925228,1.43707482993197334,1.49455782312925228,840,0
HYD,20080416,1.49455782312925228,2.18435374149659948,1.49455782312925228,2.18435374149659948,13937.1,0
HYD,20080417,2.29931972789115735,2.58673469387755202,2.24183673469387841,2.29931972789115735,21125.8,0
HYD,20080418,2.58673469387755202,2.73044217687074935,2.35680272108843628,2.61547619047619148,10282.5,0
HYD,20080421,2.41428571428571521,2.41428571428571521,2.29931972789115735,2.29931972789115735,2000,0
HYD,20080422,2.32806122448979681,2.32806122448979681,2.15561224489796001,2.27057823129251788,6673.5,0
HYD,20080423,2.12687074829932055,2.12687074829932055,2.09812925170068108,2.09812925170068108,1100,0
HYD,20080424,2.18435374149659948,2.27057823129251788,2.04064625850340215,2.04064625850340215,4900,0
HYD,20080425,2.04064625850340215,2.04064625850340215,2.04064625850340215,2.04064625850340215,0,0
HYD,20080428,2.01190476190476268,2.01190476190476268,2.01190476190476268,2.01190476190476268,200,0
HYD,20080429,2.01190476190476268,2.01190476190476268,1.89693877551020481,1.89693877551020481,600,0
HYD,20080430,2.01190476190476268,2.06938775510204161,2.01190476190476268,2.06938775510204161,480,0
HYD,20080501,2.06938775510204161,2.06938775510204161,2.06938775510204161,2.06938775510204161,0,0
HYD,20080502,2.18435374149659948,2.18435374149659948,1.95442176870748374,1.95442176870748374,3550,0
HYD,20080505,1.89693877551020481,1.89693877551020481,1.89693877551020481,1.89693877551020481,400,0
HYD,20080506,1.95442176870748374,2.29931972789115735,1.95442176870748374,2.29931972789115735,2246,0
HYD,20080507,2.29931972789115735,2.29931972789115735,2.29931972789115735,2.29931972789115735,0,0
HYD,20080508,1.95442176870748374,2.06938775510204161,1.95442176870748374,1.95442176870748374,1511.5,0
HYD,20080509,1.95442176870748374,1.95442176870748374,1.89693877551020481,1.89693877551020481,3359,0
HYD,20080512,1.72448979591836801,1.72448979591836801,1.72448979591836801,1.72448979591836801,18470,0
HYD,20080513,1.78197278911564694,1.83945578231292588,1.60952380952381014,1.83945578231292588,7662.9,0
HYD,20080514,1.72448979591836801,1.72448979591836801,1.72448979591836801,1.72448979591836801,4150,0
HYD,20080515,1.72448979591836801,1.72448979591836801,1.60952380952381014,1.72448979591836801,4466,0
HYD,20080516,1.72448979591836801,1.72448979591836801,1.60952380952381014,1.66700680272108908,2283.5,0
HYD,20080519,1.66700680272108908,1.66700680272108908,1.60952380952381014,1.63826530612244961,3196.5,0
HYD,20080520,1.63826530612244961,1.63826530612244961,1.63826530612244961,1.63826530612244961,170,0
HYD,20080521,1.52329931972789174,1.55204081632653121,1.37959183673469441,1.49455782312925228,4133.3,0
HYD,20080522,1.46581632653061281,1.46581632653061281,1.46581632653061281,1.46581632653061281,2627.8,0
HYD,20080523,1.58078231292517068,1.60952380952381014,1.58078231292517068,1.60952380952381014,2347.9,0
HYD,20080526,1.66700680272108908,1.83945578231292588,1.66700680272108908,1.78197278911564694,11100,0
HYD,20080527,1.78197278911564694,1.78197278911564694,1.66700680272108908,1.66700680272108908,700,0
HYD,20080528,1.66700680272108908,1.75323129251700748,1.66700680272108908,1.75323129251700748,1500,0
HYD,20080529,1.66700680272108908,1.66700680272108908,1.66700680272108908,1.66700680272108908,1450,0
HYD,20080530,1.63826530612244961,1.66700680272108908,1.60952380952381014,1.66700680272108908,2418.5,0
HYD,20080602,1.66700680272108908,1.66700680272108908,1.66700680272108908,1.66700680272108908,300,0
HYD,20080603,1.69574829931972854,1.69574829931972854,1.69574829931972854,1.69574829931972854,299.9,0
HYD,20080604,1.69574829931972854,1.69574829931972854,1.66700680272108908,1.66700680272108908,2220,0
HYD,20080605,1.69574829931972854,1.69574829931972854,1.63826530612244961,1.63826530612244961,1229,0
HYD,20080606,1.63826530612244961,1.66700680272108908,1.49455782312925228,1.49455782312925228,8155,0
HYD,20080609,1.49455782312925228,1.49455782312925228,1.49455782312925228,1.49455782312925228,0,0
HYD,20080610,1.49455782312925228,1.49455782312925228,1.43707482993197334,1.43707482993197334,3000,0
HYD,20080611,1.46581632653061281,1.46581632653061281,1.43707482993197334,1.43707482993197334,1000,0
HYD,20080612,1.43707482993197334,1.43707482993197334,1.37959183673469441,1.37959183673469441,6000,0
HYD,20080613,1.37959183673469441,1.43707482993197334,1.14965986394557867,1.43707482993197334,20070,0
HYD,20080616,1.43707482993197334,1.43707482993197334,1.43707482993197334,1.43707482993197334,200,0
HYD,20080617,1.43707482993197334,1.43707482993197334,1.43707482993197334,1.43707482993197334,0,0
HYD,20080618,1.26462585034013654,1.35085034013605494,1.26462585034013654,1.35085034013605494,700,0
HYD,20080619,1.26462585034013654,1.26462585034013654,1.26462585034013654,1.26462585034013654,720,0
HYD,20080620,1.26462585034013654,1.26462585034013654,1.26462585034013654,1.26462585034013654,1052.7,0
HYD,20080623,1.14965986394557867,1.14965986394557867,0.862244897959184005,0.862244897959184005,2780,0
HYD,20080624,0.948469387755102406,0.948469387755102406,0.890986394557823472,0.890986394557823472,1303.4,0
HYD,20080625,0.862244897959184005,1.26462585034013654,0.862244897959184005,1.14965986394557867,22027.7,0
HYD,20080626,1.26462585034013654,1.35085034013605494,1.26462585034013654,1.35085034013605494,5500,0
HYD,20080627,1.14965986394557867,1.14965986394557867,1.14965986394557867,1.14965986394557867,2500,0
HYD,20080630,1.12091836734693921,1.12091836734693921,1.03469387755102081,1.03469387755102081,8200,0
HYD,20080701,1.03469387755102081,1.03469387755102081,1.03469387755102081,1.03469387755102081,0,0
HYD,20080702,1.03469387755102081,1.14965986394557867,1.03469387755102081,1.14965986394557867,1000,0
HYD,20080703,1.14965986394557867,1.14965986394557867,1.14965986394557867,1.14965986394557867,0,0
HYD,20080704,1.14965986394557867,1.14965986394557867,1.14965986394557867,1.14965986394557867,800.1,0
HYD,20080707,0.977210884353741872,1.03469387755102081,0.919727891156462939,1.03469387755102081,1175,0
HYD,20080708,0.919727891156462939,0.919727891156462939,0.919727891156462939,0.919727891156462939,200,0
HYD,20080709,0.977210884353741872,0.977210884353741872,0.862244897959184005,0.862244897959184005,5919.4,0
HYD,20080710,0.862244897959184005,0.862244897959184005,0.862244897959184005,0.862244897959184005,0,0
HYD,20080711,0.862244897959184005,0.862244897959184005,0.862244897959184005,0.862244897959184005,0,0
HYD,20080714,0.890986394557823472,0.948469387755102406,0.890986394557823472,0.919727891156462939,5300,0
HYD,20080715,0.862244897959184005,0.862244897959184005,0.862244897959184005,0.862244897959184005,733.1,0
HYD,20080716,0.948469387755102406,0.948469387755102406,0.919727891156462939,0.919727891156462939,10900,0
HYD,20080717,0.919727891156462939,0.919727891156462939,0.919727891156462939,0.919727891156462939,2000,0
HYD,20080718,0.890986394557823472,1.03469387755102081,0.890986394557823472,1.03469387755102081,1230,0
HYD,20080721,1.03469387755102081,1.03469387755102081,1.03469387755102081,1.03469387755102081,0,0
HYD,20080722,0.890986394557823472,0.919727891156462939,0.862244897959184005,0.862244897959184005,3500,0
HYD,20080723,0.747278911564626138,0.747278911564626138,0.747278911564626138,0.747278911564626138,980,0
HYD,20080724,0.919727891156462939,1.03469387755102081,0.862244897959184005,1.03469387755102081,9848.8,0
HYD,20080725,1.03469387755102081,1.03469387755102081,1.03469387755102081,1.03469387755102081,0,0
HYD,20080728,0.977210884353741872,1.03469387755102081,0.977210884353741872,1.03469387755102081,2576.2,0
HYD,20080729,1.03469387755102081,1.03469387755102081,1.03469387755102081,1.03469387755102081,0,0
HYD,20080730,1.03469387755102081,1.03469387755102081,1.03469387755102081,1.03469387755102081,0,0
HYD,20080731,0.919727891156462939,0.919727891156462939,0.919727891156462939,0.919727891156462939,1200,0
HYD,20080801,0.919727891156462939,0.919727891156462939,0.919727891156462939,0.919727891156462939,88.1,0
HYD,20080804,1.03469387755102081,1.03469387755102081,0.948469387755102406,0.948469387755102406,11661,0
HYD,20080805,0.948469387755102406,1.03469387755102081,0.919727891156462939,0.919727891156462939,6924,0
HYD,20080806,0.919727891156462939,0.919727891156462939,0.919727891156462939,0.919727891156462939,360,0
HYD,20080807,0.919727891156462939,0.919727891156462939,0.919727891156462939,0.919727891156462939,0,0
HYD,20080808,0.919727891156462939,0.919727891156462939,0.919727891156462939,0.919727891156462939,0,0
HYD,20080811,0.919727891156462939,0.919727891156462939,0.919727891156462939,0.919727891156462939,0,0
HYD,20080812,0.948469387755102406,0.948469387755102406,0.919727891156462939,0.919727891156462939,4599.5,0
HYD,20080813,0.919727891156462939,0.919727891156462939,0.919727891156462939,0.919727891156462939,0,0
HYD,20080814,0.919727891156462939,0.919727891156462939,0.919727891156462939,0.919727891156462939,205.5,0
HYD,20080815,0.919727891156462939,0.919727891156462939,0.919727891156462939,0.919727891156462939,0,0
HYD,20080818,0.919727891156462939,0.919727891156462939,0.919727891156462939,0.919727891156462939,0,0
HYD,20080819,0.718537414965986671,0.718537414965986671,0.574829931972789337,0.63231292517006827,19488.7,0
HYD,20080820,0.63231292517006827,0.63231292517006827,0.603571428571428804,0.603571428571428804,2000,0
HYD,20080821,0.603571428571428804,0.603571428571428804,0.603571428571428804,0.603571428571428804,0,0
HYD,20080822,0.603571428571428804,0.603571428571428804,0.603571428571428804,0.603571428571428804,0,0
HYD,20080825,0.689795918367347204,0.689795918367347204,0.689795918367347204,0.689795918367347204,3000,0
HYD,20080826,0.689795918367347204,0.689795918367347204,0.689795918367347204,0.689795918367347204,0,0
HYD,20080827,0.689795918367347204,0.689795918367347204,0.689795918367347204,0.689795918367347204,0,0
HYD,20080828,0.689795918367347204,0.689795918367347204,0.689795918367347204,0.689795918367347204,0,0
HYD,20080829,0.689795918367347204,0.689795918367347204,0.689795918367347204,0.689795918367347204,1000,0
HYD,20080901,0.804761904761905071,0.804761904761905071,0.804761904761905071,0.804761904761905071,1200,0
HYD,20080902,0.804761904761905071,0.804761904761905071,0.804761904761905071,0.804761904761905071,0,0
HYD,20080903,0.804761904761905071,0.804761904761905071,0.689795918367347204,0.689795918367347204,1000,0
HYD,20080904,0.689795918367347204,0.689795918367347204,0.689795918367347204,0.689795918367347204,0,0
HYD,20080905,0.689795918367347204,0.747278911564626138,0.689795918367347204,0.689795918367347204,2833,0
HYD,20080908,0.689795918367347204,0.689795918367347204,0.689795918367347204,0.689795918367347204,4500,0
HYD,20080909,0.689795918367347204,0.689795918367347204,0.689795918367347204,0.689795918367347204,870,0
HYD,20080910,0.689795918367347204,0.689795918367347204,0.63231292517006827,0.689795918367347204,2800,0
HYD,20080911,0.747278911564626138,0.747278911564626138,0.689795918367347204,0.689795918367347204,1130,0
HYD,20080912,0.689795918367347204,0.689795918367347204,0.689795918367347204,0.689795918367347204,0,0
HYD,20080915,0.689795918367347204,0.689795918367347204,0.689795918367347204,0.689795918367347204,0,0
HYD,20080916,0.689795918367347204,0.689795918367347204,0.689795918367347204,0.689795918367347204,2000,0
HYD,20080917,0.689795918367347204,0.689795918367347204,0.54608843537414987,0.54608843537414987,6200,0
HYD,20080918,0.574829931972789337,0.574829931972789337,0.574829931972789337,0.574829931972789337,2000,0
HYD,20080919,0.603571428571428804,0.603571428571428804,0.54608843537414987,0.54608843537414987,2368.5,0
HYD,20080922,0.54608843537414987,0.54608843537414987,0.54608843537414987,0.54608843537414987,130,0
HYD,20080923,0.574829931972789337,0.574829931972789337,0.574829931972789337,0.574829931972789337,3000,0
HYD,20080924,0.574829931972789337,0.574829931972789337,0.574829931972789337,0.574829931972789337,0,0
HYD,20080925,0.574829931972789337,0.574829931972789337,0.574829931972789337,0.574829931972789337,0,0
HYD,20080926,0.574829931972789337,0.574829931972789337,0.574829931972789337,0.574829931972789337,0,0
HYD,20080929,0.574829931972789337,0.574829931972789337,0.574829931972789337,0.574829931972789337,463,0
HYD,20080930,0.603571428571428804,0.603571428571428804,0.603571428571428804,0.603571428571428804,437,0
HYD,20081001,0.574829931972789337,0.574829931972789337,0.574829931972789337,0.574829931972789337,1840,0
HYD,20081002,0.551836734693877763,0.551836734693877763,0.459863945578231469,0.459863945578231469,11000,0
HYD,20081003,0.465612244897959363,0.54608843537414987,0.465612244897959363,0.54608843537414987,4500,0
HYD,20081006,0.54608843537414987,0.54608843537414987,0.54608843537414987,0.54608843537414987,0,0
HYD,20081007,0.54608843537414987,0.54608843537414987,0.54608843537414987,0.54608843537414987,0,0
HYD,20081008,0.459863945578231469,0.459863945578231469,0.402380952380952536,0.402380952380952536,20000,0
HYD,20081009,0.402380952380952536,0.402380952380952536,0.402380952380952536,0.402380952380952536,0,0
HYD,20081010,0.402380952380952536,0.402380952380952536,0.402380952380952536,0.402380952380952536,111.5,0
HYD,20081013,0.344897959183673602,0.344897959183673602,0.344897959183673602,0.344897959183673602,300,0
HYD,20081014,0.402380952380952536,0.402380952380952536,0.373639455782313069,0.402380952380952536,4250,0
HYD,20081015,0.402380952380952536,0.402380952380952536,0.402380952380952536,0.402380952380952536,888.6,0
HYD,20081016,0.373639455782313069,0.373639455782313069,0.373639455782313069,0.373639455782313069,550,0
HYD,20081017,0.373639455782313069,0.373639455782313069,0.373639455782313069,0.373639455782313069,1484.5,0
HYD,20081020,0.373639455782313069,0.373639455782313069,0.373639455782313069,0.373639455782313069,0,0
HYD,20081021,0.373639455782313069,0.373639455782313069,0.373639455782313069,0.373639455782313069,0,0
HYD,20081022,0.373639455782313069,0.373639455782313069,0.373639455782313069,0.373639455782313069,0,0
HYD,20081023,0.373639455782313069,0.373639455782313069,0.373639455782313069,0.373639455782313069,0,0
HYD,20081024,0.373639455782313069,0.373639455782313069,0.373639455782313069,0.373639455782313069,0,0
HYD,20081027,0.373639455782313069,0.373639455782313069,0.373639455782313069,0.373639455782313069,4615.5,0
HYD,20081028,0.373639455782313069,0.373639455782313069,0.373639455782313069,0.373639455782313069,2000,0
HYD,20081029,0.287414965986394668,0.287414965986394668,0.287414965986394668,0.287414965986394668,5734.5,0
HYD,20081030,0.373639455782313069,0.373639455782313069,0.344897959183673602,0.344897959183673602,28800,0
HYD,20081031,0.287414965986394668,0.287414965986394668,0.287414965986394668,0.287414965986394668,234.2,0
HYD,20081103,0.287414965986394668,0.287414965986394668,0.287414965986394668,0.287414965986394668,0,0
HYD,20081104,0.287414965986394668,0.287414965986394668,0.287414965986394668,0.287414965986394668,0,0
HYD,20081105,0.287414965986394668,0.287414965986394668,0.287414965986394668,0.287414965986394668,0,0
HYD,20081106,0.316156462585034135,0.316156462585034135,0.316156462585034135,0.316156462585034135,3474.1,0
HYD,20081107,0.316156462585034135,0.316156462585034135,0.316156462585034135,0.316156462585034135,0,0
HYD,20081110,0.321904761904762029,0.321904761904762029,0.316156462585034135,0.316156462585034135,500,0
HYD,20081111,0.316156462585034135,0.316156462585034135,0.287414965986394668,0.287414965986394668,5383.6,0
HYD,20081112,0.287414965986394668,0.287414965986394668,0.287414965986394668,0.287414965986394668,0,0
HYD,20081113,0.287414965986394668,0.287414965986394668,0.287414965986394668,0.287414965986394668,0,0
HYD,20081114,0.316156462585034135,0.316156462585034135,0.316156462585034135,0.316156462585034135,1470,0
HYD,20081117,0.402380952380952536,0.402380952380952536,0.402380952380952536,0.402380952380952536,3826.4,0
HYD,20081118,0.402380952380952536,0.402380952380952536,0.402380952380952536,0.402380952380952536,0,0
HYD,20081119,0.362142857142857282,0.459863945578231469,0.362142857142857282,0.459863945578231469,1000,0
HYD,20081120,0.459863945578231469,0.459863945578231469,0.459863945578231469,0.459863945578231469,0,0
HYD,20081121,0.459863945578231469,0.459863945578231469,0.459863945578231469,0.459863945578231469,0,0
HYD,20081124,0.459863945578231469,0.459863945578231469,0.459863945578231469,0.459863945578231469,0,0
HYD,20081125,0.459863945578231469,0.459863945578231469,0.459863945578231469,0.459863945578231469,423,0
HYD,20081126,0.54608843537414987,0.574829931972789337,0.54608843537414987,0.574829931972789337,9000,0
HYD,20081127,0.574829931972789337,0.661054421768707737,0.459863945578231469,0.661054421768707737,77590,0
HYD,20081128,0.661054421768707737,0.661054421768707737,0.661054421768707737,0.661054421768707737,0,0
HYD,20081201,0.569081632653061443,0.569081632653061443,0.569081632653061443,0.569081632653061443,1500,0
HYD,20081202,0.661054421768707737,0.661054421768707737,0.661054421768707737,0.661054421768707737,500,0
HYD,20081203,0.63231292517006827,0.661054421768707737,0.63231292517006827,0.661054421768707737,3570,0
HYD,20081204,0.661054421768707737,0.661054421768707737,0.661054421768707737,0.661054421768707737,0,0
HYD,20081205,0.574829931972789337,0.574829931972789337,0.517346938775510403,0.517346938775510403,2158.9,0
HYD,20081208,0.517346938775510403,0.517346938775510403,0.517346938775510403,0.517346938775510403,200,0
HYD,20081209,0.517346938775510403,0.517346938775510403,0.517346938775510403,0.517346938775510403,0,0
HYD,20081210,0.517346938775510403,0.517346938775510403,0.517346938775510403,0.517346938775510403,0,0
HYD,20081211,0.517346938775510403,0.517346938775510403,0.517346938775510403,0.517346938775510403,0,0
HYD,20081212,0.517346938775510403,0.517346938775510403,0.517346938775510403,0.517346938775510403,0,0
HYD,20081215,0.517346938775510403,0.517346938775510403,0.517346938775510403,0.517346938775510403,0,0
HYD,20081216,0.517346938775510403,0.517346938775510403,0.517346938775510403,0.517346938775510403,0,0
HYD,20081217,0.517346938775510403,0.517346938775510403,0.517346938775510403,0.517346938775510403,0,0
HYD,20081218,0.517346938775510403,0.517346938775510403,0.517346938775510403,0.517346938775510403,0,0
HYD,20081219,0.517346938775510403,0.517346938775510403,0.517346938775510403,0.517346938775510403,0,0
HYD,20081222,0.517346938775510403,0.517346938775510403,0.517346938775510403,0.517346938775510403,0,0
HYD,20081223,0.517346938775510403,0.517346938775510403,0.517346938775510403,0.517346938775510403,0,0
HYD,20081224,0.517346938775510403,0.517346938775510403,0.517346938775510403,0.517346938775510403,0,0
HYD,20081225,0.517346938775510403,0.517346938775510403,0.517346938775510403,0.517346938775510403,0,0
HYD,20081226,0.517346938775510403,0.517346938775510403,0.517346938775510403,0.517346938775510403,0,0
HYD,20081229,0.574829931972789337,0.574829931972789337,0.574829931972789337,0.574829931972789337,1700,0
HYD,20081230,0.574829931972789337,0.574829931972789337,0.574829931972789337,0.574829931972789337,0,0
HYD,20081231,0.574829931972789337,0.574829931972789337,0.574829931972789337,0.574829931972789337,0,0
HYD,20090101,0.574829931972789337,0.574829931972789337,0.574829931972789337,0.574829931972789337,0,0
HYD,20090102,0.574829931972789337,0.574829931972789337,0.574829931972789337,0.574829931972789337,0,0
HYD,20090105,0.574829931972789337,0.574829931972789337,0.574829931972789337,0.574829931972789337,0,0
HYD,20090106,0.523095238095238296,0.523095238095238296,0.523095238095238296,0.523095238095238296,1000,0
HYD,20090107,0.517346938775510403,0.517346938775510403,0.517346938775510403,0.517346938775510403,3000,0
HYD,20090108,0.517346938775510403,0.517346938775510403,0.517346938775510403,0.517346938775510403,0,0
HYD,20090109,0.574829931972789337,0.574829931972789337,0.523095238095238296,0.523095238095238296,1400,0
HYD,20090112,0.523095238095238296,0.523095238095238296,0.523095238095238296,0.523095238095238296,0,0
HYD,20090113,0.523095238095238296,0.523095238095238296,0.523095238095238296,0.523095238095238296,0,0
HYD,20090114,0.523095238095238296,0.523095238095238296,0.523095238095238296,0.523095238095238296,0,0
HYD,20090115,0.523095238095238296,0.523095238095238296,0.517346938775510403,0.517346938775510403,4500,0
HYD,20090116,0.517346938775510403,0.517346938775510403,0.517346938775510403,0.517346938775510403,0,0
HYD,20090119,0.517346938775510403,0.517346938775510403,0.459863945578231469,0.459863945578231469,8527,0
HYD,20090120,0.459863945578231469,0.459863945578231469,0.459863945578231469,0.459863945578231469,0,0
HYD,20090121,0.459863945578231469,0.459863945578231469,0.459863945578231469,0.459863945578231469,0,0
HYD,20090122,0.459863945578231469,0.459863945578231469,0.459863945578231469,0.459863945578231469,0,0
HYD,20090123,0.459863945578231469,0.459863945578231469,0.459863945578231469,0.459863945578231469,0,0
HYD,20090126,0.459863945578231469,0.459863945578231469,0.459863945578231469,0.459863945578231469,0,0
HYD,20090127,0.459863945578231469,0.459863945578231469,0.459863945578231469,0.459863945578231469,0,0
HYD,20090128,0.459863945578231469,0.459863945578231469,0.459863945578231469,0.459863945578231469,0,0
HYD,20090129,0.459863945578231469,0.459863945578231469,0.344897959183673602,0.344897959183673602,3492.1,0
HYD,20090130,0.344897959183673602,0.344897959183673602,0.344897959183673602,0.344897959183673602,0,0
HYD,20090202,0.344897959183673602,0.344897959183673602,0.344897959183673602,0.344897959183673602,0,0
HYD,20090203,0.373639455782313069,0.373639455782313069,0.373639455782313069,0.373639455782313069,1500,0
HYD,20090204,0.373639455782313069,0.373639455782313069,0.373639455782313069,0.373639455782313069,0,0
HYD,20090205,0.373639455782313069,0.373639455782313069,0.373639455782313069,0.373639455782313069,0,0
HYD,20090206,0.373639455782313069,0.373639455782313069,0.373639455782313069,0.373639455782313069,2000,0
HYD,20090209,0.373639455782313069,0.373639455782313069,0.373639455782313069,0.373639455782313069,0,0
HYD,20090210,0.373639455782313069,0.373639455782313069,0.373639455782313069,0.373639455782313069,0,0
HYD,20090211,0.373639455782313069,0.373639455782313069,0.373639455782313069,0.373639455782313069,0,0
HYD,20090212,0.373639455782313069,0.373639455782313069,0.373639455782313069,0.373639455782313069,0,0
HYD,20090213,0.373639455782313069,0.373639455782313069,0.373639455782313069,0.373639455782313069,175,0
HYD,20090216,0.373639455782313069,0.373639455782313069,0.373639455782313069,0.373639455782313069,0,0
HYD,20090217,0.373639455782313069,0.373639455782313069,0.373639455782313069,0.373639455782313069,0,0
HYD,20090218,0.373639455782313069,0.373639455782313069,0.373639455782313069,0.373639455782313069,0,0
HYD,20090219,0.373639455782313069,0.373639455782313069,0.373639455782313069,0.373639455782313069,0,0
HYD,20090220,0.373639455782313069,0.373639455782313069,0.373639455782313069,0.373639455782313069,0,0
HYD,20090223,0.373639455782313069,0.373639455782313069,0.373639455782313069,0.373639455782313069,0,0
HYD,20090224,0.373639455782313069,0.373639455782313069,0.373639455782313069,0.373639455782313069,0,0
HYD,20090225,0.373639455782313069,0.373639455782313069,0.373639455782313069,0.373639455782313069,0,0
HYD,20090226,0.373639455782313069,0.373639455782313069,0.373639455782313069,0.373639455782313069,0,0
HYD,20090227,0.373639455782313069,0.373639455782313069,0.373639455782313069,0.373639455782313069,0,0
HYD,20090302,0.344897959183673602,0.344897959183673602,0.344897959183673602,0.344897959183673602,200,0
HYD,20090303,0.344897959183673602,0.344897959183673602,0.344897959183673602,0.344897959183673602,0,0
HYD,20090304,0.344897959183673602,0.344897959183673602,0.344897959183673602,0.344897959183673602,0,0
HYD,20090305,0.344897959183673602,0.344897959183673602,0.344897959183673602,0.344897959183673602,0,0
HYD,20090306,0.344897959183673602,0.344897959183673602,0.344897959183673602,0.344897959183673602,0,0
HYD,20090309,0.287414965986394668,0.287414965986394668,0.287414965986394668,0.287414965986394668,500,0
HYD,20090310,0.258673469387755202,0.287414965986394668,0.258673469387755202,0.287414965986394668,3325,0
HYD,20090311,0.287414965986394668,0.287414965986394668,0.287414965986394668,0.287414965986394668,210,0
HYD,20090312,0.287414965986394668,0.287414965986394668,0.287414965986394668,0.287414965986394668,400,0
HYD,20090313,0.287414965986394668,0.287414965986394668,0.287414965986394668,0.287414965986394668,0,0
HYD,20090316,0.287414965986394668,0.287414965986394668,0.287414965986394668,0.287414965986394668,0,0
HYD,20090317,0.287414965986394668,0.287414965986394668,0.287414965986394668,0.287414965986394668,0,0
HYD,20090318,0.287414965986394668,0.287414965986394668,0.287414965986394668,0.287414965986394668,0,0
HYD,20090319,0.287414965986394668,0.287414965986394668,0.287414965986394668,0.287414965986394668,0,0
HYD,20090320,0.287414965986394668,0.287414965986394668,0.287414965986394668,0.287414965986394668,0,0
HYD,20090323,0.287414965986394668,0.287414965986394668,0.287414965986394668,0.287414965986394668,0,0
HYD,20090324,0.287414965986394668,0.287414965986394668,0.287414965986394668,0.287414965986394668,0,0
HYD,20090325,0.287414965986394668,0.287414965986394668,0.287414965986394668,0.287414965986394668,900,0
HYD,20090326,0.287414965986394668,0.287414965986394668,0.287414965986394668,0.287414965986394668,0,0
HYD,20090327,0.287414965986394668,0.287414965986394668,0.287414965986394668,0.287414965986394668,2100,0
HYD,20090330,0.287414965986394668,0.287414965986394668,0.287414965986394668,0.287414965986394668,0,0
HYD,20090331,0.287414965986394668,0.287414965986394668,0.287414965986394668,0.287414965986394668,0,0
HYD,20090401,0.287414965986394668,0.287414965986394668,0.287414965986394668,0.287414965986394668,0,0
HYD,20090402,0.287414965986394668,0.287414965986394668,0.287414965986394668,0.287414965986394668,7700,0
HYD,20090403,0.287414965986394668,0.287414965986394668,0.287414965986394668,0.287414965986394668,0,0
HYD,20090406,0.287414965986394668,0.287414965986394668,0.287414965986394668,0.287414965986394668,0,0
HYD,20090407,0.287414965986394668,0.287414965986394668,0.287414965986394668,0.287414965986394668,1954.7,0
HYD,20090408,0.287414965986394668,0.287414965986394668,0.287414965986394668,0.287414965986394668,0,0
HYD,20090409,0.287414965986394668,0.287414965986394668,0.287414965986394668,0.287414965986394668,2400.1,0
HYD,20090410,0.287414965986394668,0.287414965986394668,0.287414965986394668,0.287414965986394668,0,0
HYD,20090413,0.287414965986394668,0.287414965986394668,0.287414965986394668,0.287414965986394668,0,0
HYD,20090414,0.287414965986394668,0.287414965986394668,0.287414965986394668,0.287414965986394668,0,0
HYD,20090415,0.287414965986394668,0.287414965986394668,0.287414965986394668,0.287414965986394668,0,0
HYD,20090416,0.287414965986394668,0.287414965986394668,0.287414965986394668,0.287414965986394668,0,0
HYD,20090417,0.367891156462585176,0.425374149659864109,0.367891156462585176,0.390884353741496749,1735,0
HYD,20090420,0.396632653061224642,0.402380952380952536,0.396632653061224642,0.402380952380952536,3267.5,0
HYD,20090421,0.402380952380952536,0.402380952380952536,0.402380952380952536,0.402380952380952536,0,0
HYD,20090422,0.431122448979592003,0.431122448979592003,0.431122448979592003,0.431122448979592003,1700,0
HYD,20090423,0.431122448979592003,0.431122448979592003,0.431122448979592003,0.431122448979592003,0,0
HYD,20090424,0.431122448979592003,0.431122448979592003,0.431122448979592003,0.431122448979592003,0,0
HYD,20090427,0.431122448979592003,0.431122448979592003,0.431122448979592003,0.431122448979592003,0,0
HYD,20090428,0.431122448979592003,0.431122448979592003,0.431122448979592003,0.431122448979592003,0,0
HYD,20090429,0.431122448979592003,0.431122448979592003,0.431122448979592003,0.431122448979592003,0,0
HYD,20090430,0.431122448979592003,0.431122448979592003,0.431122448979592003,0.431122448979592003,0,0
HYD,20090501,0.373639455782313069,0.373639455782313069,0.373639455782313069,0.373639455782313069,4354.8,0
HYD,20090504,0.402380952380952536,0.408129251700680429,0.402380952380952536,0.408129251700680429,7020,0
HYD,20090505,0.402380952380952536,0.402380952380952536,0.385136054421768856,0.385136054421768856,1609.1,0
HYD,20090506,0.402380952380952536,0.402380952380952536,0.402380952380952536,0.402380952380952536,5000,0
HYD,20090507,0.408129251700680429,0.408129251700680429,0.402380952380952536,0.402380952380952536,8140,0
HYD,20090508,0.408129251700680429,0.408129251700680429,0.385136054421768856,0.396632653061224642,15720,0
HYD,20090511,0.488605442176870936,0.574829931972789337,0.488605442176870936,0.574829931972789337,11375,0
HYD,20090512,0.862244897959184005,0.862244897959184005,0.862244897959184005,0.862244897959184005,2970,0
HYD,20090513,0.862244897959184005,0.890986394557823472,0.862244897959184005,0.862244897959184005,1900,0
HYD,20090514,0.862244897959184005,0.862244897959184005,0.862244897959184005,0.862244897959184005,1275,0
HYD,20090515,0.919727891156462939,0.919727891156462939,0.919727891156462939,0.919727891156462939,1040,0
HYD,20090518,0.919727891156462939,1.09217687074829974,0.919727891156462939,1.09217687074829974,1500,0
HYD,20090519,1.09217687074829974,1.14965986394557867,1.09217687074829974,1.14965986394557867,1300,0
HYD,20090520,1.26462585034013654,1.37959183673469441,1.14965986394557867,1.37959183673469441,10900,0
HYD,20090521,1.43707482993197334,1.60952380952381014,1.43707482993197334,1.55204081632653121,5588.6,0
HYD,20090522,1.55204081632653121,1.55204081632653121,1.14965986394557867,1.14965986394557867,10811.4,0
HYD,20090525,1.14965986394557867,1.14965986394557867,0.862244897959184005,0.862244897959184005,359.6,0
HYD,20090526,0.804761904761905071,0.862244897959184005,0.747278911564626138,0.862244897959184005,15258,0
HYD,20090527,0.862244897959184005,0.862244897959184005,0.862244897959184005,0.862244897959184005,1000,0
HYD,20090528,0.804761904761905071,0.804761904761905071,0.804761904761905071,0.804761904761905071,2100,0
HYD,20090529,1.14965986394557867,1.14965986394557867,1.14965986394557867,1.14965986394557867,3500,0
HYD,20090601,1.14965986394557867,1.14965986394557867,1.14965986394557867,1.14965986394557867,2000,0
HYD,20090602,1.14965986394557867,1.17840136054421814,1.14965986394557867,1.14965986394557867,8000,0
HYD,20090603,1.14965986394557867,1.14965986394557867,1.14965986394557867,1.14965986394557867,250,0
HYD,20090604,1.14965986394557867,1.14965986394557867,1.14965986394557867,1.14965986394557867,500,0
HYD,20090605,1.09217687074829974,1.09217687074829974,1.09217687074829974,1.09217687074829974,5000,0
HYD,20090608,1.09217687074829974,1.09217687074829974,1.09217687074829974,1.09217687074829974,0,0
HYD,20090609,1.09217687074829974,1.09217687074829974,1.09217687074829974,1.09217687074829974,0,0
HYD,20090610,1.09217687074829974,1.09217687074829974,1.09217687074829974,1.09217687074829974,0,0
HYD,20090611,0.919727891156462939,0.919727891156462939,0.919727891156462939,0.919727891156462939,6429.4,0
HYD,20090612,0.977210884353741872,0.977210884353741872,0.919727891156462939,0.919727891156462939,4503.6,0
HYD,20090615,0.977210884353741872,1.37959183673469441,0.977210884353741872,1.37959183673469441,9025,0
HYD,20090616,1.37959183673469441,1.37959183673469441,1.20714285714285761,1.20714285714285761,1500,0
HYD,20090617,1.40833333333333388,1.60952380952381014,1.40833333333333388,1.60952380952381014,29897.6,0
HYD,20090618,1.49455782312925228,1.72448979591836801,1.37959183673469441,1.66700680272108908,15525,0
HYD,20090619,1.72448979591836801,1.72448979591836801,1.40833333333333388,1.72448979591836801,53100,0
HYD,20090622,1.60952380952381014,1.66700680272108908,1.43707482993197334,1.66700680272108908,29500,0
HYD,20090623,1.66700680272108908,1.78197278911564694,1.58078231292517068,1.58078231292517068,11500,0
HYD,20090624,1.52329931972789174,1.52329931972789174,1.40833333333333388,1.52329931972789174,10566,0
HYD,20090625,1.60952380952381014,1.60952380952381014,1.60952380952381014,1.60952380952381014,4900,0
HYD,20090626,1.60952380952381014,1.72448979591836801,1.60952380952381014,1.72448979591836801,7000,0
HYD,20090629,1.72448979591836801,1.72448979591836801,1.60952380952381014,1.60952380952381014,7800,0
HYD,20090630,1.72448979591836801,1.72448979591836801,1.52329931972789174,1.52329931972789174,3893,0
HYD,20090701,1.72448979591836801,1.83945578231292588,1.72448979591836801,1.83945578231292588,2887.2,0
HYD,20090702,1.86819727891156534,1.86819727891156534,1.72448979591836801,1.72448979591836801,4412.8,0
HYD,20090703,1.72448979591836801,1.86819727891156534,1.72448979591836801,1.86819727891156534,1000,0
HYD,20090706,1.86819727891156534,1.86819727891156534,1.86819727891156534,1.86819727891156534,153.9,0
HYD,20090707,1.86819727891156534,1.86819727891156534,1.86819727891156534,1.86819727891156534,0,0
HYD,20090708,1.72448979591836801,1.72448979591836801,1.72448979591836801,1.72448979591836801,1500,0
HYD,20090709,1.72448979591836801,1.72448979591836801,1.72448979591836801,1.72448979591836801,0,0
HYD,20090710,1.75323129251700748,1.89693877551020481,1.72448979591836801,1.89693877551020481,11500,0
HYD,20090713,1.58078231292517068,1.58078231292517068,1.58078231292517068,1.58078231292517068,4850,0
HYD,20090714,1.58078231292517068,1.58078231292517068,1.58078231292517068,1.58078231292517068,1050,0
HYD,20090715,1.58078231292517068,1.60952380952381014,1.55204081632653121,1.55204081632653121,5560.3,0
HYD,20090716,1.72448979591836801,1.72448979591836801,1.58078231292517068,1.72448979591836801,5500,0
HYD,20090717,1.72448979591836801,1.72448979591836801,1.72448979591836801,1.72448979591836801,0,0
HYD,20090720,1.60952380952381014,1.60952380952381014,1.60952380952381014,1.60952380952381014,12.5,0
HYD,20090721,1.66700680272108908,1.66700680272108908,1.66700680272108908,1.66700680272108908,5000,0
HYD,20090722,1.66700680272108908,1.72448979591836801,1.66700680272108908,1.72448979591836801,3300,0
HYD,20090723,1.72448979591836801,1.72448979591836801,1.63826530612244961,1.63826530612244961,3150,0
HYD,20090724,1.72448979591836801,1.72448979591836801,1.72448979591836801,1.72448979591836801,175.5,0
HYD,20090727,1.66700680272108908,1.66700680272108908,1.60952380952381014,1.60952380952381014,2720,0
HYD,20090728,1.55204081632653121,1.55204081632653121,1.55204081632653121,1.55204081632653121,2790,0
HYD,20090729,1.60952380952381014,1.60952380952381014,1.60952380952381014,1.60952380952381014,1650,0
HYD,20090730,1.69574829931972854,1.69574829931972854,1.60952380952381014,1.60952380952381014,2000,0
HYD,20090731,1.72448979591836801,1.83945578231292588,1.72448979591836801,1.83945578231292588,14297.8,0
HYD,20090803,1.72448979591836801,1.72448979591836801,1.72448979591836801,1.72448979591836801,2900,0
HYD,20090804,1.92568027210884428,2.06938775510204161,1.92568027210884428,1.92568027210884428,2650,0
HYD,20090805,1.92568027210884428,2.24183673469387841,1.92568027210884428,2.24183673469387841,4880,0
HYD,20090806,2.24183673469387841,2.24183673469387841,2.24183673469387841,2.24183673469387841,350,0
HYD,20090807,2.24183673469387841,2.38554421768707575,2.06938775510204161,2.06938775510204161,3000,0
HYD,20090810,2.09812925170068108,2.09812925170068108,1.60952380952381014,1.60952380952381014,7976,0
HYD,20090811,1.60952380952381014,1.60952380952381014,1.60952380952381014,1.60952380952381014,0,0
HYD,20090812,1.60952380952381014,1.60952380952381014,1.60952380952381014,1.60952380952381014,0,0
HYD,20090813,1.95442176870748374,1.95442176870748374,1.95442176870748374,1.95442176870748374,400,0
HYD,20090814,1.95442176870748374,2.04064625850340215,1.95442176870748374,2.04064625850340215,1420,0
HYD,20090817,2.04064625850340215,2.04064625850340215,2.04064625850340215,2.04064625850340215,0,0
HYD,20090818,2.04064625850340215,2.04064625850340215,2.04064625850340215,2.04064625850340215,100,0
HYD,20090819,2.04064625850340215,2.04064625850340215,2.04064625850340215,2.04064625850340215,0,0
HYD,20090820,2.04064625850340215,2.04064625850340215,2.04064625850340215,2.04064625850340215,0,0
HYD,20090821,1.72448979591836801,1.72448979591836801,1.72448979591836801,1.72448979591836801,1000,0
HYD,20090824,1.72448979591836801,1.72448979591836801,1.46581632653061281,1.46581632653061281,2022.7,0
HYD,20090825,1.52329931972789174,1.52329931972789174,1.52329931972789174,1.52329931972789174,1000,0
HYD,20090826,1.52329931972789174,1.52329931972789174,1.52329931972789174,1.52329931972789174,0,0
HYD,20090827,1.52329931972789174,1.52329931972789174,1.49455782312925228,1.49455782312925228,2493.6,0
HYD,20090828,1.49455782312925228,1.49455782312925228,1.49455782312925228,1.49455782312925228,0,0
HYD,20090831,1.72448979591836801,1.72448979591836801,1.72448979591836801,1.72448979591836801,2000,0
HYD,20090901,1.72448979591836801,1.72448979591836801,1.72448979591836801,1.72448979591836801,2500,0
HYD,20090902,1.72448979591836801,1.92568027210884428,1.72448979591836801,1.72448979591836801,4868.2,0
HYD,20090903,1.72448979591836801,1.72448979591836801,1.72448979591836801,1.72448979591836801,0,0
HYD,20090904,1.72448979591836801,1.72448979591836801,1.72448979591836801,1.72448979591836801,4131.8,0
HYD,20090907,1.49455782312925228,1.49455782312925228,1.49455782312925228,1.49455782312925228,280,0
HYD,20090908,1.49455782312925228,1.72448979591836801,1.49455782312925228,1.72448979591836801,1902,0
HYD,20090909,1.72448979591836801,1.72448979591836801,1.72448979591836801,1.72448979591836801,0,0
HYD,20090910,1.72448979591836801,1.72448979591836801,1.72448979591836801,1.72448979591836801,0,0
HYD,20090911,1.72448979591836801,1.72448979591836801,1.72448979591836801,1.72448979591836801,1000,0
HYD,20090914,1.72448979591836801,1.72448979591836801,1.72448979591836801,1.72448979591836801,2000,0
HYD,20090915,1.72448979591836801,1.72448979591836801,1.72448979591836801,1.72448979591836801,0,0
HYD,20090916,1.72448979591836801,1.72448979591836801,1.72448979591836801,1.72448979591836801,0,0
HYD,20090917,1.72448979591836801,1.72448979591836801,1.72448979591836801,1.72448979591836801,2500,0
HYD,20090918,1.72448979591836801,1.72448979591836801,1.60952380952381014,1.60952380952381014,2321.4,0
HYD,20090921,1.69574829931972854,1.69574829931972854,1.69574829931972854,1.69574829931972854,5678.6,0
HYD,20090922,1.66700680272108908,1.66700680272108908,1.66700680272108908,1.66700680272108908,2000,0
HYD,20090923,1.55204081632653121,1.55204081632653121,1.43707482993197334,1.43707482993197334,31784.6,0
HYD,20090924,1.66700680272108908,1.72448979591836801,1.66700680272108908,1.72448979591836801,8201.9,0
HYD,20090925,1.49455782312925228,1.49455782312925228,1.49455782312925228,1.49455782312925228,190,0
HYD,20090928,1.49455782312925228,1.49455782312925228,1.43707482993197334,1.43707482993197334,3000,0
HYD,20090929,1.43707482993197334,1.43707482993197334,1.43707482993197334,1.43707482993197334,0,0
HYD,20090930,1.43707482993197334,1.43707482993197334,1.43707482993197334,1.43707482993197334,0,0
HYD,20091001,1.55204081632653121,1.55204081632653121,1.49455782312925228,1.49455782312925228,1000,0
HYD,20091002,1.49455782312925228,1.49455782312925228,1.49455782312925228,1.49455782312925228,280,0
HYD,20091005,1.37959183673469441,1.43707482993197334,1.37959183673469441,1.43707482993197334,1490,0
HYD,20091006,1.37959183673469441,1.43707482993197334,1.37959183673469441,1.43707482993197334,1251,0
HYD,20091007,1.37959183673469441,1.37959183673469441,1.32210884353741547,1.32210884353741547,430,0
HYD,20091008,1.32210884353741547,1.32210884353741547,1.32210884353741547,1.32210884353741547,0,0
HYD,20091009,1.32210884353741547,1.43707482993197334,1.32210884353741547,1.43707482993197334,3139.8,0
HYD,20091012,1.14965986394557867,1.14965986394557867,1.14965986394557867,1.14965986394557867,2000,0
HYD,20091013,1.26462585034013654,1.26462585034013654,1.20714285714285761,1.20714285714285761,2000,0
HYD,20091014,1.32210884353741547,1.32210884353741547,1.32210884353741547,1.32210884353741547,1000,0
HYD,20091015,1.32210884353741547,1.32210884353741547,1.32210884353741547,1.32210884353741547,1000,0
HYD,20091016,1.43707482993197334,1.43707482993197334,1.43707482993197334,1.43707482993197334,1300,0
HYD,20091019,1.43707482993197334,1.43707482993197334,1.43707482993197334,1.43707482993197334,0,0
HYD,20091020,1.43707482993197334,1.43707482993197334,1.43707482993197334,1.43707482993197334,5216.1,0
HYD,20091021,1.72448979591836801,1.78197278911564694,1.49455782312925228,1.49455782312925228,3800,0
HYD,20091022,1.49455782312925228,1.49455782312925228,1.43707482993197334,1.43707482993197334,11820,0
HYD,20091023,1.69574829931972854,1.89693877551020481,1.69574829931972854,1.89693877551020481,43624.7,0
HYD,20091026,1.89693877551020481,2.01190476190476268,1.89693877551020481,2.01190476190476268,5616.3,0
HYD,20091027,2.01190476190476268,2.01190476190476268,1.89693877551020481,1.89693877551020481,1813.9,0
HYD,20091028,1.89693877551020481,1.89693877551020481,1.89693877551020481,1.89693877551020481,1000,0
HYD,20091029,1.89693877551020481,1.89693877551020481,1.89693877551020481,1.89693877551020481,350,0
HYD,20091030,1.89693877551020481,1.89693877551020481,1.89693877551020481,1.89693877551020481,0,0
HYD,20091102,1.89693877551020481,1.89693877551020481,1.89693877551020481,1.89693877551020481,0,0
HYD,20091103,1.63826530612244961,1.63826530612244961,1.63826530612244961,1.63826530612244961,40000,0
HYD,20091104,1.60952380952381014,1.83945578231292588,1.60952380952381014,1.60952380952381014,2200,0
HYD,20091105,1.72448979591836801,1.89693877551020481,1.72448979591836801,1.89693877551020481,11625,0
HYD,20091106,1.60952380952381014,1.60952380952381014,1.60952380952381014,1.60952380952381014,600,0
HYD,20091109,1.46581632653061281,1.86819727891156534,1.43707482993197334,1.86819727891156534,6900,0
HYD,20091110,1.86819727891156534,1.86819727891156534,1.86819727891156534,1.86819727891156534,0,0
HYD,20091111,1.86819727891156534,1.86819727891156534,1.86819727891156534,1.86819727891156534,1500,0
HYD,20091112,1.89693877551020481,1.89693877551020481,1.89693877551020481,1.89693877551020481,1500,0
HYD,20091113,1.89693877551020481,2.06938775510204161,1.89693877551020481,2.06938775510204161,1791.9,0
HYD,20091116,1.81071428571428641,1.89693877551020481,1.81071428571428641,1.83945578231292588,7677.1,0
HYD,20091117,1.81071428571428641,1.81071428571428641,1.66700680272108908,1.66700680272108908,1557.9,0
HYD,20091118,1.66700680272108908,1.66700680272108908,1.66700680272108908,1.66700680272108908,42.1,0
HYD,20091119,1.66700680272108908,1.66700680272108908,1.66700680272108908,1.66700680272108908,0,0
HYD,20091120,1.66700680272108908,1.66700680272108908,1.66700680272108908,1.66700680272108908,1000,0
HYD,20091123,1.66700680272108908,1.66700680272108908,1.66700680272108908,1.66700680272108908,0,0
HYD,20091124,1.81071428571428641,1.81071428571428641,1.69574829931972854,1.69574829931972854,2500,0
HYD,20091125,1.66700680272108908,1.66700680272108908,1.66700680272108908,1.66700680272108908,1434.2,0
HYD,20091126,1.60952380952381014,1.60952380952381014,1.46581632653061281,1.46581632653061281,2950,0
HYD,20091127,1.49455782312925228,1.49455782312925228,1.49455782312925228,1.49455782312925228,800,0
HYD,20091130,1.49455782312925228,1.49455782312925228,1.49455782312925228,1.49455782312925228,0,0
HYD,20091201,1.32210884353741547,1.32210884353741547,1.32210884353741547,1.32210884353741547,900,0
HYD,20091202,1.26462585034013654,1.26462585034013654,1.26462585034013654,1.26462585034013654,1725,0
HYD,20091203,1.32210884353741547,1.32210884353741547,1.29336734693877601,1.32210884353741547,2183,0
HYD,20091204,1.32210884353741547,1.32210884353741547,1.32210884353741547,1.32210884353741547,5317,0
HYD,20091207,1.26462585034013654,1.26462585034013654,1.20714285714285761,1.20714285714285761,5000,0
HYD,20091208,1.26462585034013654,1.26462585034013654,1.26462585034013654,1.26462585034013654,4683,0
HYD,20091209,1.26462585034013654,1.37959183673469441,1.26462585034013654,1.37959183673469441,3175,0
HYD,20091210,1.37959183673469441,1.37959183673469441,1.37959183673469441,1.37959183673469441,5200,0
HYD,20091211,1.37959183673469441,1.37959183673469441,1.37959183673469441,1.37959183673469441,4000,0
HYD,20091214,1.37959183673469441,1.49455782312925228,1.37959183673469441,1.49455782312925228,5200,0
HYD,20091215,1.78197278911564694,1.78197278911564694,1.72448979591836801,1.78197278911564694,1600,0
HYD,20091216,1.78197278911564694,1.89693877551020481,1.78197278911564694,1.89693877551020481,8750.2,0
HYD,20091217,1.89693877551020481,1.89693877551020481,1.89693877551020481,1.89693877551020481,0,0
HYD,20091218,1.89693877551020481,1.89693877551020481,1.89693877551020481,1.89693877551020481,0,0
HYD,20091221,1.89693877551020481,1.89693877551020481,1.89693877551020481,1.89693877551020481,0,0
HYD,20091222,1.72448979591836801,1.72448979591836801,1.72448979591836801,1.72448979591836801,1725.8,0
HYD,20091223,1.78197278911564694,1.78197278911564694,1.78197278911564694,1.78197278911564694,300,0
HYD,20091224,1.72448979591836801,1.72448979591836801,1.72448979591836801,1.72448979591836801,113596,0
HYD,20091225,1.72448979591836801,1.72448979591836801,1.72448979591836801,1.72448979591836801,0,0
HYD,20091228,1.72448979591836801,1.72448979591836801,1.72448979591836801,1.72448979591836801,0,0
HYD,20091229,1.72448979591836801,1.72448979591836801,1.72448979591836801,1.72448979591836801,16545.3,0
HYD,20091230,1.72448979591836801,1.72448979591836801,1.72448979591836801,1.72448979591836801,0,0
HYD,20091231,1.72448979591836801,1.72448979591836801,1.72448979591836801,1.72448979591836801,0,0
HYD,20100101,1.72448979591836801,1.72448979591836801,1.72448979591836801,1.72448979591836801,0,0
HYD,20100104,1.69574829931972854,1.78197278911564694,1.69574829931972854,1.78197278911564694,2830,0
HYD,20100105,1.75323129251700748,1.89693877551020481,1.72448979591836801,1.89693877551020481,6399,0
HYD,20100106,1.78197278911564694,1.78197278911564694,1.78197278911564694,1.78197278911564694,2800,0
HYD,20100107,2.01190476190476268,2.01190476190476268,1.89693877551020481,1.89693877551020481,500,0
HYD,20100108,1.89693877551020481,1.89693877551020481,1.89693877551020481,1.89693877551020481,120,0
HYD,20100111,1.89693877551020481,1.89693877551020481,1.89693877551020481,1.89693877551020481,0,0
HYD,20100112,1.83945578231292588,1.83945578231292588,1.83945578231292588,1.83945578231292588,500,0
HYD,20100113,1.81071428571428641,1.81071428571428641,1.55204081632653121,1.72448979591836801,9500,0
HYD,20100114,1.72448979591836801,1.72448979591836801,1.72448979591836801,1.72448979591836801,900,0
HYD,20100115,1.72448979591836801,1.72448979591836801,1.72448979591836801,1.72448979591836801,0,0
HYD,20100118,1.72448979591836801,1.72448979591836801,1.72448979591836801,1.72448979591836801,3333.3,0
HYD,20100119,1.72448979591836801,1.72448979591836801,1.72448979591836801,1.72448979591836801,0,0
HYD,20100120,1.63826530612244961,1.63826530612244961,1.63826530612244961,1.63826530612244961,3350,0
HYD,20100121,1.63826530612244961,1.72448979591836801,1.60952380952381014,1.60952380952381014,35948.3,0
HYD,20100122,1.66700680272108908,1.66700680272108908,1.66700680272108908,1.66700680272108908,5000,0
HYD,20100125,1.72448979591836801,1.78197278911564694,1.69574829931972854,1.69574829931972854,39550,0
HYD,20100126,1.69574829931972854,1.69574829931972854,1.69574829931972854,1.69574829931972854,0,0
HYD,20100127,1.69574829931972854,1.69574829931972854,1.69574829931972854,1.69574829931972854,0,0
HYD,20100128,1.78197278911564694,1.78197278911564694,1.66700680272108908,1.66700680272108908,753,0
HYD,20100129,1.66700680272108908,1.66700680272108908,1.66700680272108908,1.66700680272108908,0,0
HYD,20100201,1.78197278911564694,1.78197278911564694,1.78197278911564694,1.78197278911564694,200,0
HYD,20100202,1.66700680272108908,1.66700680272108908,1.63826530612244961,1.63826530612244961,1529.1,0
HYD,20100203,1.72448979591836801,1.72448979591836801,1.63826530612244961,1.72448979591836801,7000,0
HYD,20100204,1.72448979591836801,1.72448979591836801,1.72448979591836801,1.72448979591836801,4076.9,0
HYD,20100205,1.60952380952381014,1.60952380952381014,1.60952380952381014,1.60952380952381014,235,0
HYD,20100208,1.72448979591836801,1.78197278911564694,1.72448979591836801,1.78197278911564694,16223.1,0
HYD,20100209,1.83945578231292588,1.89693877551020481,1.81071428571428641,1.89693877551020481,7700,0
HYD,20100210,1.83945578231292588,1.83945578231292588,1.60952380952381014,1.60952380952381014,3900,0
HYD,20100211,1.72448979591836801,1.72448979591836801,1.72448979591836801,1.72448979591836801,3300,0
HYD,20100212,1.72448979591836801,1.72448979591836801,1.72448979591836801,1.72448979591836801,0,0
HYD,20100215,1.72448979591836801,1.72448979591836801,1.72448979591836801,1.72448979591836801,666.6,0
HYD,20100216,1.66700680272108908,1.72448979591836801,1.55204081632653121,1.72448979591836801,36534.1,0
HYD,20100217,1.66700680272108908,1.72448979591836801,1.66700680272108908,1.72448979591836801,65000,0
HYD,20100218,1.78197278911564694,1.83945578231292588,1.78197278911564694,1.83945578231292588,1370,0
HYD,20100219,1.78197278911564694,1.78197278911564694,1.78197278911564694,1.78197278911564694,3000,0
HYD,20100222,1.75323129251700748,1.75323129251700748,1.69574829931972854,1.69574829931972854,11000,0
HYD,20100223,1.72448979591836801,1.72448979591836801,1.72448979591836801,1.72448979591836801,500,0
HYD,20100224,1.72448979591836801,1.72448979591836801,1.72448979591836801,1.72448979591836801,0,0
HYD,20100225,1.72448979591836801,1.72448979591836801,1.72448979591836801,1.72448979591836801,1630,0
HYD,20100226,1.72448979591836801,1.72448979591836801,1.69574829931972854,1.72448979591836801,2870,0
HYD,20100301,1.66700680272108908,1.66700680272108908,1.66700680272108908,1.66700680272108908,3000,0
HYD,20100302,1.66700680272108908,1.66700680272108908,1.66700680272108908,1.66700680272108908,0,0
HYD,20100303,1.66700680272108908,1.78197278911564694,1.66700680272108908,1.78197278911564694,11500,0
HYD,20100304,1.72448979591836801,1.72448979591836801,1.72448979591836801,1.72448979591836801,600,0
HYD,20100305,1.72448979591836801,1.72448979591836801,1.72448979591836801,1.72448979591836801,0,0
HYD,20100308,1.72448979591836801,1.72448979591836801,1.72448979591836801,1.72448979591836801,0,0
HYD,20100309,1.72448979591836801,1.83945578231292588,1.72448979591836801,1.78197278911564694,9669,0
HYD,20100310,1.78197278911564694,1.78197278911564694,1.78197278911564694,1.78197278911564694,0,0
HYD,20100311,1.78197278911564694,1.78197278911564694,1.78197278911564694,1.78197278911564694,0,0
HYD,20100312,1.78197278911564694,1.78197278911564694,1.78197278911564694,1.78197278911564694,0,0
HYD,20100315,1.78197278911564694,1.78197278911564694,1.78197278911564694,1.78197278911564694,0,0
HYD,20100316,1.83945578231292588,1.89693877551020481,1.83945578231292588,1.89693877551020481,8577.4,0
HYD,20100317,1.89693877551020481,2.24183673469387841,1.60952380952381014,2.24183673469387841,21550,0
HYD,20100318,2.24183673469387841,2.29931972789115735,2.18435374149659948,2.24183673469387841,19650,0
HYD,20100319,2.29931972789115735,2.29931972789115735,2.18435374149659948,2.18435374149659948,2745.1,0
HYD,20100322,2.18435374149659948,2.18435374149659948,2.15561224489796001,2.15561224489796001,4762.5,0
HYD,20100323,2.15561224489796001,2.15561224489796001,2.15561224489796001,2.15561224489796001,210,0
HYD,20100324,2.01190476190476268,2.01190476190476268,2.01190476190476268,2.01190476190476268,4000,0
HYD,20100325,1.95442176870748374,2.12687074829932055,1.95442176870748374,2.01190476190476268,12547.7,0
HYD,20100326,2.01190476190476268,2.01190476190476268,1.95442176870748374,1.95442176870748374,4638.8,0
HYD,20100329,2.01190476190476268,2.01190476190476268,2.01190476190476268,2.01190476190476268,9000,0
HYD,20100330,2.01190476190476268,2.18435374149659948,2.01190476190476268,2.12687074829932055,5637.5,0
HYD,20100331,2.01190476190476268,2.01190476190476268,1.89693877551020481,1.89693877551020481,1082.5,0
HYD,20100401,1.92568027210884428,2.29931972789115735,1.92568027210884428,2.29931972789115735,5646,0
HYD,20100402,2.29931972789115735,2.29931972789115735,2.29931972789115735,2.29931972789115735,0,0
HYD,20100405,2.29931972789115735,2.29931972789115735,2.29931972789115735,2.29931972789115735,0,0
HYD,20100406,2.24183673469387841,2.24183673469387841,2.01190476190476268,2.09812925170068108,3771.5,0
HYD,20100407,2.01190476190476268,2.01190476190476268,1.95442176870748374,1.95442176870748374,1328.9,0
HYD,20100408,2.01190476190476268,2.06938775510204161,2.01190476190476268,2.06938775510204161,1380,0
HYD,20100409,1.95442176870748374,1.95442176870748374,1.95442176870748374,1.95442176870748374,600,0
HYD,20100412,2.01190476190476268,2.01190476190476268,1.89693877551020481,1.89693877551020481,2600,0
HYD,20100413,1.95442176870748374,1.95442176870748374,1.78197278911564694,1.83945578231292588,17130,0
HYD,20100414,1.83945578231292588,1.83945578231292588,1.83945578231292588,1.83945578231292588,0,0
HYD,20100415,1.78197278911564694,1.78197278911564694,1.72448979591836801,1.72448979591836801,4814.8,0
HYD,20100416,1.72448979591836801,1.72448979591836801,1.43707482993197334,1.72448979591836801,5900,0
HYD,20100419,1.72448979591836801,1.72448979591836801,1.72448979591836801,1.72448979591836801,0,0
HYD,20100420,1.60952380952381014,1.72448979591836801,1.60952380952381014,1.72448979591836801,4172.3,0
HYD,20100421,1.60952380952381014,1.66700680272108908,1.60952380952381014,1.66700680272108908,2500,0
HYD,20100422,1.66700680272108908,1.66700680272108908,1.66700680272108908,1.66700680272108908,0,0
HYD,20100423,1.66700680272108908,1.72448979591836801,1.66700680272108908,1.72448979591836801,2013.8,0
HYD,20100426,1.72448979591836801,1.72448979591836801,1.72448979591836801,1.72448979591836801,0,0
HYD,20100427,1.72448979591836801,1.72448979591836801,1.72448979591836801,1.72448979591836801,0,0
HYD,20100428,1.72448979591836801,1.72448979591836801,1.72448979591836801,1.72448979591836801,0,0
HYD,20100429,1.52329931972789174,1.52329931972789174,1.52329931972789174,1.52329931972789174,2000,0
HYD,20100430,1.52329931972789174,1.52329931972789174,1.52329931972789174,1.52329931972789174,0,0
HYD,20100503,1.52329931972789174,1.52329931972789174,1.52329931972789174,1.52329931972789174,0,0
HYD,20100504,1.60952380952381014,1.60952380952381014,1.52329931972789174,1.52329931972789174,4855.5,0
HYD,20100505,1.60952380952381014,1.60952380952381014,1.58078231292517068,1.58078231292517068,3800,0
HYD,20100506,1.58078231292517068,1.58078231292517068,1.55204081632653121,1.55204081632653121,1000,0
HYD,20100507,1.52329931972789174,1.60952380952381014,1.52329931972789174,1.60952380952381014,5142.5,0
HYD,20100510,1.60952380952381014,1.72448979591836801,1.60952380952381014,1.72448979591836801,4700,0
HYD,20100511,1.72448979591836801,1.72448979591836801,1.72448979591836801,1.72448979591836801,0,0
HYD,20100512,1.60952380952381014,1.72448979591836801,1.60952380952381014,1.72448979591836801,500,0
HYD,20100513,1.72448979591836801,1.72448979591836801,1.72448979591836801,1.72448979591836801,0,0
HYD,20100514,1.72448979591836801,1.72448979591836801,1.72448979591836801,1.72448979591836801,0,0
HYD,20100517,1.49455782312925228,1.49455782312925228,1.43707482993197334,1.43707482993197334,2425,0
HYD,20100518,1.49455782312925228,1.49455782312925228,1.43707482993197334,1.43707482993197334,1200,0
HYD,20100519,1.43707482993197334,1.43707482993197334,1.26462585034013654,1.43707482993197334,3845,0
HYD,20100520,1.43707482993197334,1.43707482993197334,1.43707482993197334,1.43707482993197334,0,0
HYD,20100521,1.32210884353741547,1.32210884353741547,0.977210884353741872,0.977210884353741872,4714.1,0
HYD,20100524,1.14965986394557867,1.14965986394557867,1.14965986394557867,1.14965986394557867,2385.9,0
HYD,20100525,1.14965986394557867,1.14965986394557867,0.977210884353741872,1.03469387755102081,15087.5,0
HYD,20100526,1.03469387755102081,1.09217687074829974,0.977210884353741872,0.977210884353741872,1956.4,0
HYD,20100527,0.977210884353741872,0.977210884353741872,0.977210884353741872,0.977210884353741872,0,0
HYD,20100528,0.862244897959184005,0.977210884353741872,0.862244897959184005,0.977210884353741872,14875,0
HYD,20100531,0.977210884353741872,0.977210884353741872,0.862244897959184005,0.862244897959184005,5500,0
HYD,20100601,0.862244897959184005,0.862244897959184005,0.862244897959184005,0.862244897959184005,1502,0
HYD,20100602,0.919727891156462939,0.977210884353741872,0.919727891156462939,0.977210884353741872,12600,0
HYD,20100603,0.862244897959184005,0.919727891156462939,0.603571428571428804,0.747278911564626138,5085.5,0
HYD,20100604,0.747278911564626138,0.747278911564626138,0.574829931972789337,0.574829931972789337,10000,0
HYD,20100607,0.689795918367347204,0.689795918367347204,0.689795918367347204,0.689795918367347204,237.5,0
HYD,20100608,0.63231292517006827,0.689795918367347204,0.63231292517006827,0.689795918367347204,5000,0
HYD,20100609,0.747278911564626138,0.747278911564626138,0.747278911564626138,0.747278911564626138,811.3,0
HYD,20100610,0.747278911564626138,0.747278911564626138,0.747278911564626138,0.747278911564626138,0,0
HYD,20100611,0.747278911564626138,0.747278911564626138,0.747278911564626138,0.747278911564626138,300,0
HYD,20100614,0.747278911564626138,0.747278911564626138,0.747278911564626138,0.747278911564626138,0,0
HYD,20100615,0.747278911564626138,0.747278911564626138,0.574829931972789337,0.574829931972789337,2102,0
HYD,20100616,0.574829931972789337,0.574829931972789337,0.574829931972789337,0.574829931972789337,0,0
HYD,20100617,0.63231292517006827,0.63231292517006827,0.63231292517006827,0.63231292517006827,2042,0
HYD,20100618,0.63231292517006827,0.63231292517006827,0.63231292517006827,0.63231292517006827,0,0
HYD,20100621,0.661054421768707737,0.661054421768707737,0.661054421768707737,0.661054421768707737,4600,0
HYD,20100622,0.661054421768707737,0.661054421768707737,0.574829931972789337,0.574829931972789337,3000,0
HYD,20100623,0.574829931972789337,0.574829931972789337,0.574829931972789337,0.574829931972789337,400,0
HYD,20100624,0.574829931972789337,0.574829931972789337,0.574829931972789337,0.574829931972789337,0,0
HYD,20100625,0.574829931972789337,0.574829931972789337,0.574829931972789337,0.574829931972789337,57.4,0
HYD,20100628,0.574829931972789337,0.574829931972789337,0.574829931972789337,0.574829931972789337,800,0
HYD,20100629,0.574829931972789337,0.833503401360544538,0.574829931972789337,0.747278911564626138,6600,0
HYD,20100630,0.689795918367347204,0.747278911564626138,0.689795918367347204,0.747278911564626138,3683.3,0
HYD,20100701,0.747278911564626138,0.747278911564626138,0.747278911564626138,0.747278911564626138,0,0
HYD,20100702,0.804761904761905071,0.804761904761905071,0.804761904761905071,0.804761904761905071,4000,0
HYD,20100705,0.804761904761905071,0.804761904761905071,0.804761904761905071,0.804761904761905071,0,0
HYD,20100706,0.804761904761905071,0.804761904761905071,0.804761904761905071,0.804761904761905071,0,0
HYD,20100707,0.804761904761905071,0.804761904761905071,0.804761904761905071,0.804761904761905071,0,0
HYD,20100708,0.804761904761905071,0.804761904761905071,0.804761904761905071,0.804761904761905071,0,0
HYD,20100709,0.804761904761905071,0.804761904761905071,0.804761904761905071,0.804761904761905071,0,0
HYD,20100712,0.804761904761905071,0.804761904761905071,0.804761904761905071,0.804761904761905071,0,0
HYD,20100713,0.747278911564626138,0.747278911564626138,0.747278911564626138,0.747278911564626138,716.7,0
HYD,20100714,0.747278911564626138,0.747278911564626138,0.747278911564626138,0.747278911564626138,0,0
HYD,20100715,0.747278911564626138,0.747278911564626138,0.747278911564626138,0.747278911564626138,0,0
HYD,20100716,0.747278911564626138,0.747278911564626138,0.747278911564626138,0.747278911564626138,0,0
HYD,20100719,0.747278911564626138,0.747278911564626138,0.747278911564626138,0.747278911564626138,0,0
HYD,20100720,0.747278911564626138,0.747278911564626138,0.747278911564626138,0.747278911564626138,4448.5,0
HYD,20100721,0.804761904761905071,0.833503401360544538,0.747278911564626138,0.747278911564626138,11041.5,0
HYD,20100722,0.747278911564626138,0.747278911564626138,0.747278911564626138,0.747278911564626138,0,0
HYD,20100723,0.747278911564626138,0.747278911564626138,0.747278911564626138,0.747278911564626138,0,0
HYD,20100726,0.776020408163265605,0.776020408163265605,0.776020408163265605,0.776020408163265605,1000,0
HYD,20100727,0.862244897959184005,0.862244897959184005,0.747278911564626138,0.747278911564626138,13170.7,0
HYD,20100728,0.747278911564626138,0.747278911564626138,0.747278911564626138,0.747278911564626138,0,0
HYD,20100729,0.747278911564626138,0.747278911564626138,0.747278911564626138,0.747278911564626138,512.7,0
HYD,20100730,0.747278911564626138,0.747278911564626138,0.747278911564626138,0.747278911564626138,0,0
HYD,20100802,0.776020408163265605,0.776020408163265605,0.776020408163265605,0.776020408163265605,7981.1,0
HYD,20100803,0.776020408163265605,0.776020408163265605,0.776020408163265605,0.776020408163265605,0,0
HYD,20100804,0.776020408163265605,0.776020408163265605,0.776020408163265605,0.776020408163265605,0,0
HYD,20100805,0.776020408163265605,0.804761904761905071,0.776020408163265605,0.804761904761905071,6000,0
HYD,20100806,0.776020408163265605,0.776020408163265605,0.776020408163265605,0.776020408163265605,5000,0
HYD,20100809,0.862244897959184005,0.862244897959184005,0.862244897959184005,0.862244897959184005,400,0
HYD,20100810,0.862244897959184005,0.862244897959184005,0.862244897959184005,0.862244897959184005,0,0
HYD,20100811,0.862244897959184005,0.862244897959184005,0.862244897959184005,0.862244897959184005,0,0
HYD,20100812,0.862244897959184005,0.862244897959184005,0.862244897959184005,0.862244897959184005,1200,0
HYD,20100813,0.862244897959184005,0.862244897959184005,0.862244897959184005,0.862244897959184005,0,0
HYD,20100816,0.862244897959184005,0.862244897959184005,0.862244897959184005,0.862244897959184005,893.3,0
HYD,20100817,0.862244897959184005,0.862244897959184005,0.862244897959184005,0.862244897959184005,0,0
HYD,20100818,0.862244897959184005,0.862244897959184005,0.862244897959184005,0.862244897959184005,0,0
HYD,20100819,0.862244897959184005,0.862244897959184005,0.862244897959184005,0.862244897959184005,0,0
HYD,20100820,0.833503401360544538,0.833503401360544538,0.833503401360544538,0.833503401360544538,800,0
HYD,20100823,0.833503401360544538,0.833503401360544538,0.833503401360544538,0.833503401360544538,0,0
HYD,20100824,0.833503401360544538,0.833503401360544538,0.833503401360544538,0.833503401360544538,0,0
HYD,20100825,0.776020408163265605,0.776020408163265605,0.776020408163265605,0.776020408163265605,2018.9,0
HYD,20100826,0.747278911564626138,0.747278911564626138,0.747278911564626138,0.747278911564626138,24.2,0
HYD,20100827,0.747278911564626138,0.747278911564626138,0.747278911564626138,0.747278911564626138,0,0
HYD,20100830,0.661054421768707737,0.776020408163265605,0.661054421768707737,0.776020408163265605,1000,0
HYD,20100831,0.574829931972789337,0.574829931972789337,0.574829931972789337,0.574829931972789337,600,0
HYD,20100901,0.718537414965986671,0.718537414965986671,0.718537414965986671,0.718537414965986671,1000,0
HYD,20100902,0.718537414965986671,0.718537414965986671,0.718537414965986671,0.718537414965986671,0,0
HYD,20100903,0.689795918367347204,0.689795918367347204,0.661054421768707737,0.661054421768707737,1480.5,0
HYD,20100906,0.661054421768707737,0.661054421768707737,0.661054421768707737,0.661054421768707737,0,0
HYD,20100907,0.661054421768707737,0.661054421768707737,0.661054421768707737,0.661054421768707737,0,0
HYD,20100908,0.661054421768707737,0.661054421768707737,0.661054421768707737,0.661054421768707737,0,0
HYD,20100909,0.661054421768707737,0.661054421768707737,0.63231292517006827,0.63231292517006827,8800,0
HYD,20100910,0.63231292517006827,0.63231292517006827,0.63231292517006827,0.63231292517006827,0,0
HYD,20100913,0.63231292517006827,0.63231292517006827,0.63231292517006827,0.63231292517006827,0,0
HYD,20100914,0.63231292517006827,0.63231292517006827,0.603571428571428804,0.603571428571428804,2319.5,0
HYD,20100915,0.574829931972789337,0.574829931972789337,0.56333333333333355,0.574829931972789337,6700,0
HYD,20100916,0.54608843537414987,0.54608843537414987,0.523095238095238296,0.52884353741496619,7230,0
HYD,20100917,0.52884353741496619,0.52884353741496619,0.488605442176870936,0.488605442176870936,11313.5,0
HYD,20100920,0.488605442176870936,0.488605442176870936,0.488605442176870936,0.488605442176870936,0,0
HYD,20100921,0.488605442176870936,0.488605442176870936,0.488605442176870936,0.488605442176870936,0,0
HYD,20100922,0.523095238095238296,0.523095238095238296,0.523095238095238296,0.523095238095238296,2000,0
HYD,20100923,0.523095238095238296,0.523095238095238296,0.523095238095238296,0.523095238095238296,1333.3,0
HYD,20100924,0.523095238095238296,0.523095238095238296,0.523095238095238296,0.523095238095238296,0,0
HYD,20100927,0.523095238095238296,0.523095238095238296,0.523095238095238296,0.523095238095238296,0,0
HYD,20100928,0.523095238095238296,0.523095238095238296,0.523095238095238296,0.523095238095238296,0,0
HYD,20100929,0.488605442176870936,0.488605442176870936,0.459863945578231469,0.459863945578231469,11000,0
HYD,20100930,0.459863945578231469,0.459863945578231469,0.459863945578231469,0.459863945578231469,0,0
HYD,20101001,0.459863945578231469,0.459863945578231469,0.459863945578231469,0.459863945578231469,0,0
HYD,20101004,0.459863945578231469,0.459863945578231469,0.459863945578231469,0.459863945578231469,3000,0
HYD,20101005,0.459863945578231469,0.459863945578231469,0.459863945578231469,0.459863945578231469,0,0
HYD,20101006,0.459863945578231469,0.459863945578231469,0.459863945578231469,0.459863945578231469,0,0
HYD,20101007,0.459863945578231469,0.459863945578231469,0.459863945578231469,0.459863945578231469,0,0
HYD,20101008,0.488605442176870936,0.488605442176870936,0.488605442176870936,0.488605442176870936,3400,0
HYD,20101011,0.488605442176870936,0.488605442176870936,0.488605442176870936,0.488605442176870936,1518.4,0
HYD,20101012,0.574829931972789337,0.574829931972789337,0.574829931972789337,0.574829931972789337,2100,0
HYD,20101013,0.574829931972789337,0.574829931972789337,0.574829931972789337,0.574829931972789337,18.4,0
HYD,20101014,0.63231292517006827,0.63231292517006827,0.63231292517006827,0.63231292517006827,18.4,0
HYD,20101015,0.63231292517006827,0.63231292517006827,0.488605442176870936,0.488605442176870936,338.1,0
HYD,20101018,0.517346938775510403,0.517346938775510403,0.517346938775510403,0.517346938775510403,3798.3,0
HYD,20101019,0.517346938775510403,0.517346938775510403,0.517346938775510403,0.517346938775510403,4500,0
HYD,20101020,0.574829931972789337,0.574829931972789337,0.574829931972789337,0.574829931972789337,2701.7,0
HYD,20101021,0.574829931972789337,0.574829931972789337,0.574829931972789337,0.574829931972789337,0,0
HYD,20101022,0.574829931972789337,0.574829931972789337,0.574829931972789337,0.574829931972789337,0,0
HYD,20101025,0.574829931972789337,0.574829931972789337,0.574829931972789337,0.574829931972789337,0,0
HYD,20101026,0.574829931972789337,0.574829931972789337,0.574829931972789337,0.574829931972789337,0,0
HYD,20101027,0.54608843537414987,0.54608843537414987,0.54608843537414987,0.54608843537414987,1098.3,0
HYD,20101028,0.54608843537414987,0.54608843537414987,0.54608843537414987,0.54608843537414987,0,0
HYD,20101029,0.54608843537414987,0.54608843537414987,0.54608843537414987,0.54608843537414987,0,0
HYD,20101101,0.54608843537414987,0.54608843537414987,0.54608843537414987,0.54608843537414987,0,0
HYD,20101102,0.54608843537414987,0.54608843537414987,0.54608843537414987,0.54608843537414987,0,0
HYD,20101103,0.54608843537414987,0.54608843537414987,0.54608843537414987,0.54608843537414987,0,0
HYD,20101104,0.459863945578231469,0.459863945578231469,0.436870748299319896,0.436870748299319896,6000.1,0
HYD,20101105,0.436870748299319896,0.436870748299319896,0.436870748299319896,0.436870748299319896,0,0
HYD,20101108,0.436870748299319896,0.436870748299319896,0.436870748299319896,0.436870748299319896,0,0
HYD,20101109,0.436870748299319896,0.436870748299319896,0.436870748299319896,0.436870748299319896,0,0
HYD,20101110,0.436870748299319896,0.436870748299319896,0.436870748299319896,0.436870748299319896,0,0
HYD,20101111,0.517346938775510403,0.517346938775510403,0.517346938775510403,0.517346938775510403,300,0
HYD,20101112,0.517346938775510403,0.517346938775510403,0.517346938775510403,0.517346938775510403,0,0
HYD,20101115,0.517346938775510403,0.517346938775510403,0.517346938775510403,0.517346938775510403,0,0
HYD,20101116,0.448367346938775683,0.448367346938775683,0.448367346938775683,0.448367346938775683,683,0
HYD,20101117,0.448367346938775683,0.448367346938775683,0.448367346938775683,0.448367346938775683,0,0
HYD,20101118,0.448367346938775683,0.448367346938775683,0.448367346938775683,0.448367346938775683,0,0
HYD,20101119,0.436870748299319896,0.436870748299319896,0.431122448979592003,0.431122448979592003,2000,0
HYD,20101122,0.459863945578231469,0.49435374149659883,0.459863945578231469,0.49435374149659883,1030,0
HYD,20101123,0.49435374149659883,0.49435374149659883,0.49435374149659883,0.49435374149659883,200,0
HYD,20101124,0.49435374149659883,0.49435374149659883,0.49435374149659883,0.49435374149659883,0,0
HYD,20101125,0.505850340136054616,0.505850340136054616,0.505850340136054616,0.505850340136054616,1370,0
HYD,20101126,0.505850340136054616,0.505850340136054616,0.505850340136054616,0.505850340136054616,1684.5,0
HYD,20101129,0.517346938775510403,0.517346938775510403,0.517346938775510403,0.517346938775510403,2215,0
HYD,20101130,0.534591836734694083,0.63231292517006827,0.517346938775510403,0.63231292517006827,22000,0
HYD,20101201,0.63231292517006827,0.890986394557823472,0.63231292517006827,0.661054421768707737,25550,0
HYD,20101202,0.661054421768707737,0.661054421768707737,0.574829931972789337,0.63231292517006827,7559.5,0
HYD,20101203,0.54608843537414987,0.54608843537414987,0.54608843537414987,0.54608843537414987,5000,0
HYD,20101206,0.54608843537414987,0.54608843537414987,0.517346938775510403,0.517346938775510403,9950,0
HYD,20101207,0.517346938775510403,0.517346938775510403,0.517346938775510403,0.517346938775510403,0,0
HYD,20101208,0.51159863945578251,0.51159863945578251,0.505850340136054616,0.51159863945578251,3453,0
HYD,20101209,0.51159863945578251,0.51159863945578251,0.51159863945578251,0.51159863945578251,0,0
HYD,20101210,0.51159863945578251,0.51159863945578251,0.51159863945578251,0.51159863945578251,0,0
HYD,20101213,0.517346938775510403,0.517346938775510403,0.517346938775510403,0.517346938775510403,50,0
HYD,20101214,0.517346938775510403,0.52884353741496619,0.517346938775510403,0.52884353741496619,2500,0
HYD,20101215,0.51159863945578251,0.51159863945578251,0.505850340136054616,0.505850340136054616,1850,0
HYD,20101216,0.505850340136054616,0.505850340136054616,0.505850340136054616,0.505850340136054616,212.5,0
HYD,20101217,0.505850340136054616,0.534591836734694083,0.505850340136054616,0.534591836734694083,1487.5,0
HYD,20101220,0.534591836734694083,0.534591836734694083,0.534591836734694083,0.534591836734694083,0,0
HYD,20101221,0.534591836734694083,0.534591836734694083,0.534591836734694083,0.534591836734694083,0,0
HYD,20101222,0.505850340136054616,0.505850340136054616,0.505850340136054616,0.505850340136054616,1000,0
HYD,20101223,0.505850340136054616,0.505850340136054616,0.488605442176870936,0.488605442176870936,2204.5,0
HYD,20101224,0.488605442176870936,0.488605442176870936,0.488605442176870936,0.488605442176870936,0,0
HYD,20101227,0.488605442176870936,0.488605442176870936,0.488605442176870936,0.488605442176870936,0,0
HYD,20101228,0.488605442176870936,0.488605442176870936,0.488605442176870936,0.488605442176870936,0,0
HYD,20101229,0.488605442176870936,0.488605442176870936,0.488605442176870936,0.488605442176870936,0,0
HYD,20101230,0.488605442176870936,0.488605442176870936,0.488605442176870936,0.488605442176870936,408,0
HYD,20101231,0.488605442176870936,0.488605442176870936,0.488605442176870936,0.488605442176870936,0,0
HYD,20110103,0.488605442176870936,0.488605442176870936,0.488605442176870936,0.488605442176870936,0,0
HYD,20110104,0.488605442176870936,0.488605442176870936,0.488605442176870936,0.488605442176870936,0,0
HYD,20110105,0.488605442176870936,0.488605442176870936,0.488605442176870936,0.488605442176870936,0,0
HYD,20110106,0.419625850340136216,0.419625850340136216,0.373639455782313069,0.402380952380952536,58700,0
HYD,20110107,0.396632653061224642,0.396632653061224642,0.373639455782313069,0.373639455782313069,12000,0
HYD,20110110,0.367891156462585176,0.367891156462585176,0.367891156462585176,0.367891156462585176,10000,0
HYD,20110111,0.396632653061224642,0.396632653061224642,0.396632653061224642,0.396632653061224642,9000,0
HYD,20110112,0.396632653061224642,0.396632653061224642,0.396632653061224642,0.396632653061224642,0,0
HYD,20110113,0.373639455782313069,0.373639455782313069,0.356394557823129389,0.356394557823129389,30000,0
HYD,20110114,0.356394557823129389,0.367891156462585176,0.356394557823129389,0.362142857142857282,3243,0
HYD,20110117,0.373639455782313069,0.385136054421768856,0.373639455782313069,0.379387755102040962,15000,0
HYD,20110118,0.379387755102040962,0.379387755102040962,0.373639455782313069,0.373639455782313069,31527.2,0
HYD,20110119,0.373639455782313069,0.373639455782313069,0.373639455782313069,0.373639455782313069,40572.8,0
HYD,20110120,0.402380952380952536,0.419625850340136216,0.402380952380952536,0.419625850340136216,21920.6,0
HYD,20110121,0.419625850340136216,0.419625850340136216,0.419625850340136216,0.419625850340136216,0,0
HYD,20110124,0.459863945578231469,0.459863945578231469,0.459863945578231469,0.459863945578231469,300,0
HYD,20110125,0.459863945578231469,0.459863945578231469,0.402380952380952536,0.402380952380952536,700,0
HYD,20110126,0.402380952380952536,0.402380952380952536,0.402380952380952536,0.402380952380952536,0,0
HYD,20110127,0.402380952380952536,0.402380952380952536,0.402380952380952536,0.402380952380952536,6000,0
HYD,20110128,0.402380952380952536,0.402380952380952536,0.402380952380952536,0.402380952380952536,0,0
HYD,20110131,0.436870748299319896,0.436870748299319896,0.436870748299319896,0.436870748299319896,3025,0
HYD,20110201,0.408129251700680429,0.408129251700680429,0.408129251700680429,0.408129251700680429,4370.5,0
HYD,20110202,0.408129251700680429,0.408129251700680429,0.408129251700680429,0.408129251700680429,0,0
HYD,20110203,0.408129251700680429,0.408129251700680429,0.408129251700680429,0.408129251700680429,0,0
HYD,20110204,0.408129251700680429,0.408129251700680429,0.408129251700680429,0.408129251700680429,0,0
HYD,20110207,0.413877551020408322,0.413877551020408322,0.408129251700680429,0.413877551020408322,2840,0
HYD,20110208,0.413877551020408322,0.413877551020408322,0.413877551020408322,0.413877551020408322,0,0
HYD,20110209,0.413877551020408322,0.413877551020408322,0.413877551020408322,0.413877551020408322,0,0
HYD,20110210,0.413877551020408322,0.413877551020408322,0.413877551020408322,0.413877551020408322,0,0
HYD,20110211,0.442619047619047789,0.442619047619047789,0.413877551020408322,0.413877551020408322,1000,0
HYD,20110214,0.436870748299319896,0.436870748299319896,0.436870748299319896,0.436870748299319896,2700,0
HYD,20110215,0.436870748299319896,0.436870748299319896,0.436870748299319896,0.436870748299319896,0,0
HYD,20110216,0.436870748299319896,0.436870748299319896,0.436870748299319896,0.436870748299319896,0,0
HYD,20110217,0.436870748299319896,0.459863945578231469,0.436870748299319896,0.459863945578231469,650,0
HYD,20110218,0.459863945578231469,0.459863945578231469,0.459863945578231469,0.459863945578231469,0,0
HYD,20110221,0.459863945578231469,0.459863945578231469,0.459863945578231469,0.459863945578231469,0,0
HYD,20110222,0.459863945578231469,0.459863945578231469,0.459863945578231469,0.459863945578231469,0,0
HYD,20110223,0.459863945578231469,0.459863945578231469,0.459863945578231469,0.459863945578231469,8250,0
HYD,20110224,0.459863945578231469,0.459863945578231469,0.459863945578231469,0.459863945578231469,0,0
HYD,20110225,0.459863945578231469,0.459863945578231469,0.436870748299319896,0.436870748299319896,29839.2,0
HYD,20110228,0.436870748299319896,0.436870748299319896,0.436870748299319896,0.436870748299319896,0,0
HYD,20110301,0.436870748299319896,0.436870748299319896,0.436870748299319896,0.436870748299319896,650,0
HYD,20110302,0.436870748299319896,0.459863945578231469,0.436870748299319896,0.459863945578231469,4260,0
HYD,20110303,0.459863945578231469,0.459863945578231469,0.459863945578231469,0.459863945578231469,3556.7,0
HYD,20110304,0.459863945578231469,0.459863945578231469,0.459863945578231469,0.459863945578231469,0,0
HYD,20110307,0.459863945578231469,0.459863945578231469,0.459863945578231469,0.459863945578231469,0,0
HYD,20110308,0.448367346938775683,0.448367346938775683,0.448367346938775683,0.448367346938775683,295,0
HYD,20110309,0.448367346938775683,0.448367346938775683,0.448367346938775683,0.448367346938775683,0,0
HYD,20110310,0.448367346938775683,0.448367346938775683,0.448367346938775683,0.448367346938775683,1585.8,0
HYD,20110311,0.448367346938775683,0.448367346938775683,0.448367346938775683,0.448367346938775683,8119.2,0
HYD,20110314,0.448367346938775683,0.448367346938775683,0.442619047619047789,0.448367346938775683,16881.3,0
HYD,20110315,0.459863945578231469,0.459863945578231469,0.448367346938775683,0.448367346938775683,67146,0
HYD,20110316,0.448367346938775683,0.47710884353741515,0.448367346938775683,0.47710884353741515,998.1,0
HYD,20110317,0.448367346938775683,0.448367346938775683,0.448367346938775683,0.448367346938775683,65800,0
HYD,20110318,0.448367346938775683,0.448367346938775683,0.448367346938775683,0.448367346938775683,0,0
HYD,20110321,0.448367346938775683,0.448367346938775683,0.448367346938775683,0.448367346938775683,0,0
HYD,20110322,0.459863945578231469,0.488605442176870936,0.459863945578231469,0.488605442176870936,6800,0
HYD,20110323,0.488605442176870936,0.488605442176870936,0.488605442176870936,0.488605442176870936,0,0
HYD,20110324,0.47710884353741515,0.47710884353741515,0.47710884353741515,0.47710884353741515,3846,0
HYD,20110325,0.47710884353741515,0.47710884353741515,0.459863945578231469,0.459863945578231469,6654,0
HYD,20110328,0.459863945578231469,0.49435374149659883,0.459863945578231469,0.49435374149659883,13096,0
HYD,20110329,0.465612244897959363,0.465612244897959363,0.459863945578231469,0.459863945578231469,2500,0
HYD,20110330,0.459863945578231469,0.459863945578231469,0.459863945578231469,0.459863945578231469,0,0
HYD,20110331,0.459863945578231469,0.459863945578231469,0.436870748299319896,0.459863945578231469,11487.5,0
HYD,20110401,0.459863945578231469,0.459863945578231469,0.459863945578231469,0.459863945578231469,0,0
HYD,20110404,0.47710884353741515,0.47710884353741515,0.47710884353741515,0.47710884353741515,190,0
HYD,20110405,0.47710884353741515,0.47710884353741515,0.47710884353741515,0.47710884353741515,2500,0
HYD,20110406,0.47710884353741515,0.47710884353741515,0.47710884353741515,0.47710884353741515,310,0
HYD,20110407,0.471360544217687256,0.471360544217687256,0.471360544217687256,0.471360544217687256,1888.7,0
HYD,20110408,0.448367346938775683,0.448367346938775683,0.448367346938775683,0.448367346938775683,500,0
HYD,20110411,0.448367346938775683,0.448367346938775683,0.448367346938775683,0.448367346938775683,0,0
HYD,20110412,0.459863945578231469,0.459863945578231469,0.442619047619047789,0.442619047619047789,3325,0
HYD,20110413,0.454115646258503576,0.454115646258503576,0.454115646258503576,0.454115646258503576,5730,0
HYD,20110414,0.442619047619047789,0.442619047619047789,0.436870748299319896,0.436870748299319896,18566.8,0
HYD,20110415,0.436870748299319896,0.436870748299319896,0.436870748299319896,0.436870748299319896,0,0
HYD,20110418,0.436870748299319896,0.436870748299319896,0.436870748299319896,0.436870748299319896,0,0
HYD,20110419,0.436870748299319896,0.436870748299319896,0.436870748299319896,0.436870748299319896,3515,0
HYD,20110420,0.436870748299319896,0.436870748299319896,0.436870748299319896,0.436870748299319896,0,0
HYD,20110421,0.459863945578231469,0.465612244897959363,0.459863945578231469,0.465612244897959363,1025,0
HYD,20110422,0.465612244897959363,0.465612244897959363,0.465612244897959363,0.465612244897959363,0,0
HYD,20110425,0.465612244897959363,0.465612244897959363,0.465612244897959363,0.465612244897959363,0,0
HYD,20110426,0.465612244897959363,0.465612244897959363,0.465612244897959363,0.465612244897959363,0,0
HYD,20110427,0.436870748299319896,0.436870748299319896,0.408129251700680429,0.408129251700680429,13978.2,0
HYD,20110428,0.408129251700680429,0.408129251700680429,0.408129251700680429,0.408129251700680429,0,0
HYD,20110429,0.408129251700680429,0.408129251700680429,0.408129251700680429,0.408129251700680429,1000,0
HYD,20110502,0.408129251700680429,0.408129251700680429,0.408129251700680429,0.408129251700680429,0,0
HYD,20110503,0.408129251700680429,0.408129251700680429,0.408129251700680429,0.408129251700680429,0,0
HYD,20110504,0.402380952380952536,0.408129251700680429,0.379387755102040962,0.379387755102040962,6290,0
HYD,20110505,0.379387755102040962,0.379387755102040962,0.379387755102040962,0.379387755102040962,0,0
HYD,20110506,0.379387755102040962,0.379387755102040962,0.379387755102040962,0.379387755102040962,0,0
HYD,20110509,0.379387755102040962,0.379387755102040962,0.379387755102040962,0.379387755102040962,500,0
HYD,20110510,0.379387755102040962,0.379387755102040962,0.379387755102040962,0.379387755102040962,0,0
HYD,20110511,0.402380952380952536,0.408129251700680429,0.402380952380952536,0.408129251700680429,9000,0
HYD,20110512,0.408129251700680429,0.408129251700680429,0.408129251700680429,0.408129251700680429,0,0
HYD,20110513,0.408129251700680429,0.408129251700680429,0.408129251700680429,0.408129251700680429,0,0
HYD,20110516,0.408129251700680429,0.408129251700680429,0.408129251700680429,0.408129251700680429,0,0
HYD,20110517,0.402380952380952536,0.408129251700680429,0.402380952380952536,0.408129251700680429,1190,0
HYD,20110518,0.408129251700680429,0.408129251700680429,0.408129251700680429,0.408129251700680429,0,0
HYD,20110519,0.408129251700680429,0.408129251700680429,0.408129251700680429,0.408129251700680429,0,0
HYD,20110520,0.402380952380952536,0.402380952380952536,0.402380952380952536,0.402380952380952536,3848.1,0
HYD,20110523,0.402380952380952536,0.402380952380952536,0.402380952380952536,0.402380952380952536,0,0
HYD,20110524,0.373639455782313069,0.373639455782313069,0.373639455782313069,0.373639455782313069,13976.4,0
HYD,20110525,0.373639455782313069,0.373639455782313069,0.373639455782313069,0.373639455782313069,0,0
HYD,20110526,0.373639455782313069,0.373639455782313069,0.373639455782313069,0.373639455782313069,0,0
HYD,20110527,0.373639455782313069,0.373639455782313069,0.373639455782313069,0.373639455782313069,0,0
HYD,20110530,0.373639455782313069,0.373639455782313069,0.373639455782313069,0.373639455782313069,0,0
HYD,20110531,0.339149659863945709,0.344897959183673602,0.339149659863945709,0.344897959183673602,523.9,0
HYD,20110601,0.344897959183673602,0.344897959183673602,0.344897959183673602,0.344897959183673602,0,0
HYD,20110602,0.344897959183673602,0.344897959183673602,0.344897959183673602,0.344897959183673602,0,0
HYD,20110603,0.344897959183673602,0.344897959183673602,0.344897959183673602,0.344897959183673602,0,0
HYD,20110606,0.344897959183673602,0.344897959183673602,0.344897959183673602,0.344897959183673602,0,0
HYD,20110607,0.344897959183673602,0.344897959183673602,0.344897959183673602,0.344897959183673602,0,0
HYD,20110608,0.344897959183673602,0.344897959183673602,0.344897959183673602,0.344897959183673602,6000,0
HYD,20110609,0.344897959183673602,0.344897959183673602,0.344897959183673602,0.344897959183673602,0,0
HYD,20110610,0.344897959183673602,0.344897959183673602,0.344897959183673602,0.344897959183673602,0,0
HYD,20110613,0.344897959183673602,0.344897959183673602,0.344897959183673602,0.344897959183673602,0,0
HYD,20110614,0.344897959183673602,0.344897959183673602,0.344897959183673602,0.344897959183673602,0,0
HYD,20110615,0.344897959183673602,0.344897959183673602,0.344897959183673602,0.344897959183673602,11824.5,0
HYD,20110616,0.344897959183673602,0.344897959183673602,0.344897959183673602,0.344897959183673602,0,0
HYD,20110617,0.344897959183673602,0.344897959183673602,0.344897959183673602,0.344897959183673602,0,0
HYD,20110620,0.304659863945578348,0.304659863945578348,0.304659863945578348,0.304659863945578348,1000,0
HYD,20110621,0.327653061224489922,0.327653061224489922,0.327653061224489922,0.327653061224489922,6675.5,0
HYD,20110622,0.327653061224489922,0.327653061224489922,0.327653061224489922,0.327653061224489922,0,0
HYD,20110623,0.298911564625850455,0.298911564625850455,0.298911564625850455,0.298911564625850455,2066.6,0
HYD,20110624,0.310408163265306242,0.310408163265306242,0.310408163265306242,0.310408163265306242,3000,0
HYD,20110627,0.304659863945578348,0.304659863945578348,0.304659863945578348,0.304659863945578348,1490,0
HYD,20110628,0.310408163265306242,0.310408163265306242,0.310408163265306242,0.310408163265306242,1200,0
HYD,20110629,0.281666666666666775,0.281666666666666775,0.281666666666666775,0.281666666666666775,1050,0
HYD,20110630,0.258673469387755202,0.258673469387755202,0.189693877551020481,0.189693877551020481,6500,0
HYD,20110701,0.172448979591836801,0.195442176870748374,0.172448979591836801,0.195442176870748374,9965.2,0
HYD,20110704,0.195442176870748374,0.195442176870748374,0.195442176870748374,0.195442176870748374,0,0
HYD,20110705,0.195442176870748374,0.195442176870748374,0.195442176870748374,0.195442176870748374,0,0
HYD,20110706,0.229931972789115735,0.229931972789115735,0.229931972789115735,0.229931972789115735,1080,0
HYD,20110707,0.229931972789115735,0.229931972789115735,0.229931972789115735,0.229931972789115735,0,0
HYD,20110708,0.229931972789115735,0.229931972789115735,0.229931972789115735,0.229931972789115735,0,0
HYD,20110711,0.229931972789115735,0.229931972789115735,0.229931972789115735,0.229931972789115735,0,0
HYD,20110712,0.229931972789115735,0.229931972789115735,0.229931972789115735,0.229931972789115735,0,0
HYD,20110713,0.229931972789115735,0.229931972789115735,0.229931972789115735,0.229931972789115735,0,0
HYD,20110714,0.229931972789115735,0.229931972789115735,0.229931972789115735,0.229931972789115735,0,0
HYD,20110715,0.229931972789115735,0.229931972789115735,0.229931972789115735,0.229931972789115735,0,0
HYD,20110718,0.264421768707483095,0.264421768707483095,0.258673469387755202,0.258673469387755202,2546.9,0
HYD,20110719,0.258673469387755202,0.258673469387755202,0.258673469387755202,0.258673469387755202,0,0
HYD,20110720,0.258673469387755202,0.258673469387755202,0.258673469387755202,0.258673469387755202,0,0
HYD,20110721,0.258673469387755202,0.258673469387755202,0.229931972789115735,0.229931972789115735,1373.1,0
HYD,20110722,0.229931972789115735,0.229931972789115735,0.229931972789115735,0.229931972789115735,5011.5,0
HYD,20110725,0.229931972789115735,0.229931972789115735,0.212687074829932055,0.212687074829932055,1700,0
HYD,20110726,0.212687074829932055,0.212687074829932055,0.212687074829932055,0.212687074829932055,0,0
HYD,20110727,0.212687074829932055,0.212687074829932055,0.212687074829932055,0.212687074829932055,0,0
HYD,20110728,0.212687074829932055,0.212687074829932055,0.212687074829932055,0.212687074829932055,0,0
HYD,20110729,0.212687074829932055,0.212687074829932055,0.212687074829932055,0.212687074829932055,0,0
HYD,20110801,0.229931972789115735,0.229931972789115735,0.229931972789115735,0.229931972789115735,500,0
HYD,20110802,0.229931972789115735,0.229931972789115735,0.229931972789115735,0.229931972789115735,0,0
HYD,20110803,0.229931972789115735,0.229931972789115735,0.229931972789115735,0.229931972789115735,0,0
HYD,20110804,0.229931972789115735,0.229931972789115735,0.229931972789115735,0.229931972789115735,0,0
HYD,20110805,0.241428571428571521,0.241428571428571521,0.224183673469387841,0.224183673469387841,3666.8,0
HYD,20110808,0.241428571428571521,0.241428571428571521,0.241428571428571521,0.241428571428571521,1500,0
HYD,20110809,0.241428571428571521,0.241428571428571521,0.241428571428571521,0.241428571428571521,0,0
HYD,20110810,0.241428571428571521,0.241428571428571521,0.241428571428571521,0.241428571428571521,0,0
HYD,20110811,0.241428571428571521,0.241428571428571521,0.241428571428571521,0.241428571428571521,0,0
HYD,20110812,0.241428571428571521,0.241428571428571521,0.241428571428571521,0.241428571428571521,0,0
HYD,20110815,0.241428571428571521,0.241428571428571521,0.241428571428571521,0.241428571428571521,0,0
HYD,20110816,0.241428571428571521,0.241428571428571521,0.241428571428571521,0.241428571428571521,0,0
HYD,20110817,0.241428571428571521,0.241428571428571521,0.241428571428571521,0.241428571428571521,0,0
HYD,20110818,0.241428571428571521,0.241428571428571521,0.241428571428571521,0.241428571428571521,0,0
HYD,20110819,0.241428571428571521,0.241428571428571521,0.229931972789115735,0.229931972789115735,8400,0
HYD,20110822,0.229931972789115735,0.229931972789115735,0.229931972789115735,0.229931972789115735,0,0
HYD,20110823,0.229931972789115735,0.229931972789115735,0.229931972789115735,0.229931972789115735,0,0
HYD,20110824,0.229931972789115735,0.229931972789115735,0.229931972789115735,0.229931972789115735,0,0
HYD,20110825,0.229931972789115735,0.229931972789115735,0.229931972789115735,0.229931972789115735,0,0
HYD,20110826,0.229931972789115735,0.229931972789115735,0.229931972789115735,0.229931972789115735,0,0
HYD,20110829,0.229931972789115735,0.229931972789115735,0.229931972789115735,0.229931972789115735,0,0
HYD,20110830,0.229931972789115735,0.229931972789115735,0.229931972789115735,0.229931972789115735,0,0
HYD,20110831,0.275918367346938882,0.275918367346938882,0.264421768707483095,0.264421768707483095,2000,0
HYD,20110901,0.264421768707483095,0.264421768707483095,0.264421768707483095,0.264421768707483095,0,0
HYD,20110902,0.264421768707483095,0.270170068027210988,0.264421768707483095,0.264421768707483095,5000,0
HYD,20110905,0.264421768707483095,0.264421768707483095,0.264421768707483095,0.264421768707483095,0,0
HYD,20110906,0.264421768707483095,0.264421768707483095,0.264421768707483095,0.264421768707483095,0,0
HYD,20110907,0.270170068027210988,0.270170068027210988,0.264421768707483095,0.264421768707483095,2450,0
HYD,20110908,0.264421768707483095,0.264421768707483095,0.264421768707483095,0.264421768707483095,13500,0
HYD,20110909,0.264421768707483095,0.264421768707483095,0.264421768707483095,0.264421768707483095,0,0
HYD,20110912,0.264421768707483095,0.264421768707483095,0.264421768707483095,0.264421768707483095,0,0
HYD,20110913,0.264421768707483095,0.264421768707483095,0.264421768707483095,0.264421768707483095,0,0
HYD,20110914,0.264421768707483095,0.264421768707483095,0.264421768707483095,0.264421768707483095,0,0
HYD,20110915,0.264421768707483095,0.264421768707483095,0.264421768707483095,0.264421768707483095,0,0
HYD,20110916,0.264421768707483095,0.264421768707483095,0.264421768707483095,0.264421768707483095,0,0
HYD,20110919,0.264421768707483095,0.264421768707483095,0.264421768707483095,0.264421768707483095,0,0
HYD,20110920,0.264421768707483095,0.264421768707483095,0.264421768707483095,0.264421768707483095,0,0
HYD,20110921,0.264421768707483095,0.264421768707483095,0.264421768707483095,0.264421768707483095,0,0
HYD,20110922,0.264421768707483095,0.264421768707483095,0.264421768707483095,0.264421768707483095,0,0
HYD,20110923,0.264421768707483095,0.264421768707483095,0.264421768707483095,0.264421768707483095,0,0
HYD,20110926,0.264421768707483095,0.264421768707483095,0.264421768707483095,0.264421768707483095,0,0
HYD,20110927,0.264421768707483095,0.264421768707483095,0.264421768707483095,0.264421768707483095,0,0
HYD,20110928,0.264421768707483095,0.264421768707483095,0.264421768707483095,0.264421768707483095,0,0
HYD,20110929,0.264421768707483095,0.264421768707483095,0.264421768707483095,0.264421768707483095,0,0
HYD,20110930,0.264421768707483095,0.264421768707483095,0.264421768707483095,0.264421768707483095,0,0
HYD,20111003,0.287414965986394668,0.287414965986394668,0.287414965986394668,0.287414965986394668,1000,0
HYD,20111004,0.287414965986394668,0.287414965986394668,0.287414965986394668,0.287414965986394668,0,0
HYD,20111005,0.287414965986394668,0.287414965986394668,0.270170068027210988,0.270170068027210988,7000,0
HYD,20111006,0.270170068027210988,0.270170068027210988,0.270170068027210988,0.270170068027210988,0,0
HYD,20111007,0.270170068027210988,0.270170068027210988,0.270170068027210988,0.270170068027210988,0,0
HYD,20111010,0.270170068027210988,0.270170068027210988,0.270170068027210988,0.270170068027210988,0,0
HYD,20111011,0.270170068027210988,0.270170068027210988,0.270170068027210988,0.270170068027210988,0,0
HYD,20111012,0.316156462585034135,0.385136054421768856,0.316156462585034135,0.385136054421768856,6355.7,0
HYD,20111013,0.379387755102040962,0.396632653061224642,0.270170068027210988,0.270170068027210988,12713,0
HYD,20111014,0.321904761904762029,0.327653061224489922,0.321904761904762029,0.321904761904762029,5000,0
HYD,20111017,0.321904761904762029,0.321904761904762029,0.321904761904762029,0.321904761904762029,0,0
HYD,20111018,0.321904761904762029,0.321904761904762029,0.321904761904762029,0.321904761904762029,150,0
HYD,20111019,0.321904761904762029,0.321904761904762029,0.321904761904762029,0.321904761904762029,0,0
HYD,20111020,0.321904761904762029,0.321904761904762029,0.321904761904762029,0.321904761904762029,0,0
HYD,20111021,0.321904761904762029,0.321904761904762029,0.321904761904762029,0.321904761904762029,0,0
HYD,20111024,0.321904761904762029,0.321904761904762029,0.321904761904762029,0.321904761904762029,0,0
HYD,20111025,0.321904761904762029,0.321904761904762029,0.321904761904762029,0.321904761904762029,0,0
HYD,20111026,0.298911564625850455,0.298911564625850455,0.293163265306122562,0.293163265306122562,2650,0
HYD,20111027,0.293163265306122562,0.293163265306122562,0.293163265306122562,0.293163265306122562,0,0
HYD,20111028,0.293163265306122562,0.293163265306122562,0.293163265306122562,0.293163265306122562,0,0
HYD,20111031,0.293163265306122562,0.293163265306122562,0.293163265306122562,0.293163265306122562,0,0
HYD,20111101,0.293163265306122562,0.293163265306122562,0.287414965986394668,0.287414965986394668,6150,0
HYD,20111102,0.287414965986394668,0.287414965986394668,0.287414965986394668,0.287414965986394668,0,0
HYD,20111103,0.287414965986394668,0.287414965986394668,0.275918367346938882,0.275918367346938882,3200,0
HYD,20111104,0.270170068027210988,0.270170068027210988,0.270170068027210988,0.270170068027210988,4000,0
HYD,20111107,0.270170068027210988,0.270170068027210988,0.270170068027210988,0.270170068027210988,0,0
HYD,20111108,0.229931972789115735,0.229931972789115735,0.212687074829932055,0.212687074829932055,20474.7,0
HYD,20111109,0.206938775510204161,0.206938775510204161,0.183945578231292588,0.183945578231292588,3529.8,0
HYD,20111110,0.183945578231292588,0.183945578231292588,0.183945578231292588,0.183945578231292588,0,0
HYD,20111111,0.212687074829932055,0.212687074829932055,0.212687074829932055,0.212687074829932055,3500,0
HYD,20111114,0.212687074829932055,0.212687074829932055,0.212687074829932055,0.212687074829932055,0,0
HYD,20111115,0.224183673469387841,0.224183673469387841,0.224183673469387841,0.224183673469387841,10000,0
HYD,20111116,0.235680272108843628,0.235680272108843628,0.235680272108843628,0.235680272108843628,600,0
HYD,20111117,0.235680272108843628,0.235680272108843628,0.235680272108843628,0.235680272108843628,0,0
HYD,20111118,0.235680272108843628,0.235680272108843628,0.235680272108843628,0.235680272108843628,0,0
HYD,20111121,0.235680272108843628,0.235680272108843628,0.235680272108843628,0.235680272108843628,0,0
HYD,20111122,0.235680272108843628,0.235680272108843628,0.235680272108843628,0.235680272108843628,0,0
HYD,20111123,0.235680272108843628,0.235680272108843628,0.235680272108843628,0.235680272108843628,0,0
HYD,20111124,0.235680272108843628,0.235680272108843628,0.235680272108843628,0.235680272108843628,0,0
HYD,20111125,0.247176870748299415,0.247176870748299415,0.247176870748299415,0.247176870748299415,1000,0
HYD,20111128,0.247176870748299415,0.247176870748299415,0.247176870748299415,0.247176870748299415,0,0
HYD,20111129,0.247176870748299415,0.247176870748299415,0.247176870748299415,0.247176870748299415,0,0
HYD,20111130,0.235680272108843628,0.235680272108843628,0.224183673469387841,0.224183673469387841,5000,0
HYD,20111201,0.224183673469387841,0.224183673469387841,0.224183673469387841,0.224183673469387841,0,0
HYD,20111202,0.224183673469387841,0.224183673469387841,0.224183673469387841,0.224183673469387841,0,0
HYD,20111205,0.224183673469387841,0.224183673469387841,0.224183673469387841,0.224183673469387841,0,0
HYD,20111206,0.229931972789115735,0.229931972789115735,0.229931972789115735,0.229931972789115735,1000,0
HYD,20111207,0.229931972789115735,0.229931972789115735,0.229931972789115735,0.229931972789115735,0,0
HYD,20111208,0.229931972789115735,0.229931972789115735,0.229931972789115735,0.229931972789115735,0,0
HYD,20111209,0.229931972789115735,0.229931972789115735,0.229931972789115735,0.229931972789115735,0,0
HYD,20111212,0.229931972789115735,0.229931972789115735,0.229931972789115735,0.229931972789115735,4500,0
HYD,20111213,0.229931972789115735,0.229931972789115735,0.229931972789115735,0.229931972789115735,2500,0
HYD,20111214,0.229931972789115735,0.229931972789115735,0.229931972789115735,0.229931972789115735,0,0
HYD,20111215,0.229931972789115735,0.229931972789115735,0.229931972789115735,0.229931972789115735,0,0
HYD,20111216,0.235680272108843628,0.235680272108843628,0.235680272108843628,0.235680272108843628,4320,0
HYD,20111219,0.235680272108843628,0.235680272108843628,0.235680272108843628,0.235680272108843628,0,0
HYD,20111220,0.235680272108843628,0.235680272108843628,0.235680272108843628,0.235680272108843628,0,0
HYD,20111221,0.235680272108843628,0.235680272108843628,0.235680272108843628,0.235680272108843628,0,0
HYD,20111222,0.235680272108843628,0.235680272108843628,0.235680272108843628,0.235680272108843628,0,0
HYD,20111223,0.258673469387755202,0.264421768707483095,0.258673469387755202,0.264421768707483095,3177.6,0
HYD,20111226,0.264421768707483095,0.264421768707483095,0.264421768707483095,0.264421768707483095,0,0
HYD,20111227,0.264421768707483095,0.264421768707483095,0.264421768707483095,0.264421768707483095,0,0
HYD,20111228,0.264421768707483095,0.264421768707483095,0.264421768707483095,0.264421768707483095,0,0
HYD,20111229,0.275918367346938882,0.275918367346938882,0.275918367346938882,0.275918367346938882,5000,0
HYD,20111230,0.275918367346938882,0.275918367346938882,0.258673469387755202,0.258673469387755202,4900,0
HYD,20120102,0.258673469387755202,0.258673469387755202,0.258673469387755202,0.258673469387755202,0,0
HYD,20120103,0.258673469387755202,0.258673469387755202,0.258673469387755202,0.258673469387755202,0,0
HYD,20120104,0.258673469387755202,0.258673469387755202,0.258673469387755202,0.258673469387755202,0,0
HYD,20120105,0.258673469387755202,0.258673469387755202,0.258673469387755202,0.258673469387755202,0,0
HYD,20120106,0.258673469387755202,0.258673469387755202,0.258673469387755202,0.258673469387755202,0,0
HYD,20120109,0.258673469387755202,0.264421768707483095,0.258673469387755202,0.264421768707483095,1050,0
HYD,20120110,0.264421768707483095,0.264421768707483095,0.264421768707483095,0.264421768707483095,0,0
HYD,20120111,0.264421768707483095,0.264421768707483095,0.264421768707483095,0.264421768707483095,0,0
HYD,20120112,0.264421768707483095,0.264421768707483095,0.264421768707483095,0.264421768707483095,0,0
HYD,20120113,0.264421768707483095,0.264421768707483095,0.264421768707483095,0.264421768707483095,0,0
HYD,20120116,0.264421768707483095,0.264421768707483095,0.264421768707483095,0.264421768707483095,2000,0
HYD,20120117,0.235680272108843628,0.235680272108843628,0.235680272108843628,0.235680272108843628,2500,0
HYD,20120118,0.224183673469387841,0.224183673469387841,0.218435374149659948,0.218435374149659948,4500,0
HYD,20120119,0.218435374149659948,0.218435374149659948,0.218435374149659948,0.218435374149659948,0,0
HYD,20120120,0.218435374149659948,0.218435374149659948,0.218435374149659948,0.218435374149659948,0,0
HYD,20120123,0.218435374149659948,0.218435374149659948,0.218435374149659948,0.218435374149659948,0,0
HYD,20120124,0.218435374149659948,0.218435374149659948,0.218435374149659948,0.218435374149659948,500,0
HYD,20120125,0.201190476190476268,0.201190476190476268,0.201190476190476268,0.201190476190476268,1400,0
HYD,20120126,0.201190476190476268,0.201190476190476268,0.201190476190476268,0.201190476190476268,0,0
HYD,20120127,0.201190476190476268,0.201190476190476268,0.201190476190476268,0.201190476190476268,0,0
HYD,20120130,0.201190476190476268,0.201190476190476268,0.195442176870748374,0.201190476190476268,4000,0
HYD,20120131,0.201190476190476268,0.201190476190476268,0.201190476190476268,0.201190476190476268,0,0
HYD,20120201,0.201190476190476268,0.201190476190476268,0.201190476190476268,0.201190476190476268,1515.2,0
HYD,20120202,0.201190476190476268,0.201190476190476268,0.201190476190476268,0.201190476190476268,0,0
HYD,20120203,0.201190476190476268,0.201190476190476268,0.201190476190476268,0.201190476190476268,0,0
HYD,20120206,0.201190476190476268,0.201190476190476268,0.201190476190476268,0.201190476190476268,0,0
HYD,20120207,0.206938775510204161,0.206938775510204161,0.189693877551020481,0.195442176870748374,8000,0
HYD,20120208,0.189693877551020481,0.189693877551020481,0.189693877551020481,0.189693877551020481,1700,0
HYD,20120209,0.189693877551020481,0.189693877551020481,0.189693877551020481,0.189693877551020481,4499.7,0
HYD,20120210,0.189693877551020481,0.195442176870748374,0.189693877551020481,0.195442176870748374,12100,0
HYD,20120213,0.195442176870748374,0.195442176870748374,0.195442176870748374,0.195442176870748374,0,0
HYD,20120214,0.195442176870748374,0.195442176870748374,0.195442176870748374,0.195442176870748374,0,0
HYD,20120215,0.189693877551020481,0.189693877551020481,0.189693877551020481,0.189693877551020481,9710,0
HYD,20120216,0.189693877551020481,0.189693877551020481,0.189693877551020481,0.189693877551020481,0,0
HYD,20120217,0.189693877551020481,0.189693877551020481,0.189693877551020481,0.189693877551020481,0,0
HYD,20120220,0.189693877551020481,0.189693877551020481,0.189693877551020481,0.189693877551020481,0,0
HYD,20120221,0.189693877551020481,0.189693877551020481,0.189693877551020481,0.189693877551020481,0,0
HYD,20120222,0.189693877551020481,0.189693877551020481,0.189693877551020481,0.189693877551020481,0,0
HYD,20120223,0.189693877551020481,0.189693877551020481,0.189693877551020481,0.189693877551020481,0,0
HYD,20120224,0.189693877551020481,0.189693877551020481,0.189693877551020481,0.189693877551020481,0,0
HYD,20120227,0.189693877551020481,0.189693877551020481,0.189693877551020481,0.189693877551020481,0,0
HYD,20120228,0.189693877551020481,0.189693877551020481,0.189693877551020481,0.189693877551020481,0,0
HYD,20120229,0.189693877551020481,0.189693877551020481,0.189693877551020481,0.189693877551020481,0,0
HYD,20120301,0.229931972789115735,0.229931972789115735,0.229931972789115735,0.229931972789115735,12500,0
HYD,20120302,0.212687074829932055,0.212687074829932055,0.212687074829932055,0.212687074829932055,1800.5,0
HYD,20120305,0.206938775510204161,0.206938775510204161,0.206938775510204161,0.206938775510204161,7300,0
HYD,20120306,0.206938775510204161,0.206938775510204161,0.206938775510204161,0.206938775510204161,0,0
HYD,20120307,0.206938775510204161,0.206938775510204161,0.206938775510204161,0.206938775510204161,2069.2,0
HYD,20120308,0.206938775510204161,0.206938775510204161,0.206938775510204161,0.206938775510204161,0,0
HYD,20120309,0.206938775510204161,0.206938775510204161,0.206938775510204161,0.206938775510204161,0,0
HYD,20120312,0.206938775510204161,0.206938775510204161,0.206938775510204161,0.206938775510204161,0,0
HYD,20120313,0.206938775510204161,0.206938775510204161,0.206938775510204161,0.206938775510204161,0,0
HYD,20120314,0.206938775510204161,0.206938775510204161,0.206938775510204161,0.206938775510204161,0,0
HYD,20120315,0.206938775510204161,0.206938775510204161,0.206938775510204161,0.206938775510204161,0,0
HYD,20120316,0.218435374149659948,0.218435374149659948,0.212687074829932055,0.212687074829932055,20000,0
HYD,20120319,0.212687074829932055,0.212687074829932055,0.212687074829932055,0.212687074829932055,0,0
HYD,20120320,0.229931972789115735,0.229931972789115735,0.229931972789115735,0.229931972789115735,1259.5,0
HYD,20120321,0.229931972789115735,0.247176870748299415,0.229931972789115735,0.247176870748299415,2123,0
HYD,20120322,0.247176870748299415,0.247176870748299415,0.247176870748299415,0.247176870748299415,0,0
HYD,20120323,0.247176870748299415,0.247176870748299415,0.247176870748299415,0.247176870748299415,0,0
HYD,20120326,0.247176870748299415,0.247176870748299415,0.247176870748299415,0.247176870748299415,0,0
HYD,20120327,0.247176870748299415,0.247176870748299415,0.247176870748299415,0.247176870748299415,0,0
HYD,20120328,0.247176870748299415,0.247176870748299415,0.247176870748299415,0.247176870748299415,0,0
HYD,20120329,0.270170068027210988,0.270170068027210988,0.264421768707483095,0.264421768707483095,20000,0
HYD,20120330,0.293163265306122562,0.293163265306122562,0.287414965986394668,0.287414965986394668,18155.1,0
HYD,20120402,0.339149659863945709,0.339149659863945709,0.339149659863945709,0.339149659863945709,2000,0
HYD,20120403,0.339149659863945709,0.339149659863945709,0.339149659863945709,0.339149659863945709,0,0
HYD,20120404,0.339149659863945709,0.339149659863945709,0.339149659863945709,0.339149659863945709,0,0
HYD,20120405,0.339149659863945709,0.339149659863945709,0.339149659863945709,0.339149659863945709,2100,0
HYD,20120406,0.339149659863945709,0.339149659863945709,0.339149659863945709,0.339149659863945709,0,0
HYD,20120409,0.339149659863945709,0.339149659863945709,0.339149659863945709,0.339149659863945709,0,0
HYD,20120410,0.339149659863945709,0.339149659863945709,0.339149659863945709,0.339149659863945709,0,0
HYD,20120411,0.344897959183673602,0.344897959183673602,0.344897959183673602,0.344897959183673602,5000,0
HYD,20120412,0.344897959183673602,0.344897959183673602,0.339149659863945709,0.339149659863945709,1663.4,0
HYD,20120413,0.339149659863945709,0.339149659863945709,0.339149659863945709,0.339149659863945709,0,0
HYD,20120416,0.344897959183673602,0.344897959183673602,0.316156462585034135,0.316156462585034135,8554.5,0
HYD,20120417,0.316156462585034135,0.316156462585034135,0.316156462585034135,0.316156462585034135,0,0
HYD,20120418,0.316156462585034135,0.316156462585034135,0.316156462585034135,0.316156462585034135,0,0
HYD,20120419,0.316156462585034135,0.316156462585034135,0.316156462585034135,0.316156462585034135,0,0
HYD,20120420,0.327653061224489922,0.327653061224489922,0.316156462585034135,0.316156462585034135,1820.2,0
HYD,20120423,0.304659863945578348,0.304659863945578348,0.298911564625850455,0.298911564625850455,25682.4,0
HYD,20120424,0.298911564625850455,0.298911564625850455,0.298911564625850455,0.298911564625850455,0,0
HYD,20120425,0.298911564625850455,0.298911564625850455,0.298911564625850455,0.298911564625850455,0,0
HYD,20120426,0.298911564625850455,0.298911564625850455,0.298911564625850455,0.298911564625850455,0,0
HYD,20120427,0.304659863945578348,0.304659863945578348,0.304659863945578348,0.304659863945578348,467.2,0
HYD,20120430,0.304659863945578348,0.316156462585034135,0.304659863945578348,0.316156462585034135,6342,0
HYD,20120501,0.327653061224489922,0.327653061224489922,0.321904761904762029,0.321904761904762029,10243.1,0
HYD,20120502,0.321904761904762029,0.321904761904762029,0.293163265306122562,0.293163265306122562,5900.1,0
HYD,20120503,0.293163265306122562,0.344897959183673602,0.293163265306122562,0.344897959183673602,32500,0
HYD,20120504,0.321904761904762029,0.321904761904762029,0.321904761904762029,0.321904761904762029,2500,0
HYD,20120507,0.333401360544217815,0.333401360544217815,0.333401360544217815,0.333401360544217815,1000,0
HYD,20120508,0.316156462585034135,0.316156462585034135,0.310408163265306242,0.310408163265306242,3280,0
HYD,20120509,0.333401360544217815,0.344897959183673602,0.333401360544217815,0.344897959183673602,11000,0
HYD,20120510,0.310408163265306242,0.310408163265306242,0.310408163265306242,0.310408163265306242,688,0
HYD,20120511,0.310408163265306242,0.310408163265306242,0.310408163265306242,0.310408163265306242,0,0
HYD,20120514,0.310408163265306242,0.310408163265306242,0.310408163265306242,0.310408163265306242,0,0
HYD,20120515,0.310408163265306242,0.310408163265306242,0.310408163265306242,0.310408163265306242,0,0
HYD,20120516,0.310408163265306242,0.310408163265306242,0.298911564625850455,0.298911564625850455,5563,0
HYD,20120517,0.298911564625850455,0.298911564625850455,0.298911564625850455,0.298911564625850455,0,0
HYD,20120518,0.298911564625850455,0.298911564625850455,0.298911564625850455,0.298911564625850455,0,0
HYD,20120521,0.327653061224489922,0.344897959183673602,0.327653061224489922,0.344897959183673602,5600,0
HYD,20120522,0.344897959183673602,0.344897959183673602,0.344897959183673602,0.344897959183673602,2000,0
HYD,20120523,0.344897959183673602,0.344897959183673602,0.344897959183673602,0.344897959183673602,0,0
HYD,20120524,0.344897959183673602,0.344897959183673602,0.344897959183673602,0.344897959183673602,0,0
HYD,20120525,0.344897959183673602,0.344897959183673602,0.344897959183673602,0.344897959183673602,0,0
HYD,20120528,0.344897959183673602,0.344897959183673602,0.344897959183673602,0.344897959183673602,6000,0
HYD,20120529,0.327653061224489922,0.327653061224489922,0.327653061224489922,0.327653061224489922,1400,0
HYD,20120530,0.327653061224489922,0.327653061224489922,0.327653061224489922,0.327653061224489922,0,0
HYD,20120531,0.327653061224489922,0.327653061224489922,0.327653061224489922,0.327653061224489922,0,0
HYD,20120601,0.327653061224489922,0.327653061224489922,0.327653061224489922,0.327653061224489922,0,0
HYD,20120604,0.327653061224489922,0.327653061224489922,0.327653061224489922,0.327653061224489922,0,0
HYD,20120605,0.327653061224489922,0.327653061224489922,0.327653061224489922,0.327653061224489922,0,0
HYD,20120606,0.327653061224489922,0.327653061224489922,0.327653061224489922,0.327653061224489922,0,0
HYD,20120607,0.327653061224489922,0.327653061224489922,0.327653061224489922,0.327653061224489922,0,0
HYD,20120608,0.339149659863945709,0.339149659863945709,0.321904761904762029,0.321904761904762029,10000,0
HYD,20120611,0.321904761904762029,0.321904761904762029,0.321904761904762029,0.321904761904762029,0,0
HYD,20120612,0.327653061224489922,0.327653061224489922,0.327653061224489922,0.327653061224489922,1300,0
HYD,20120613,0.321904761904762029,0.321904761904762029,0.287414965986394668,0.287414965986394668,11000,0
HYD,20120614,0.316156462585034135,0.316156462585034135,0.316156462585034135,0.316156462585034135,3025,0
HYD,20120615,0.316156462585034135,0.316156462585034135,0.298911564625850455,0.298911564625850455,6148.6,0
HYD,20120618,0.316156462585034135,0.316156462585034135,0.316156462585034135,0.316156462585034135,1351.4,0
HYD,20120619,0.316156462585034135,0.316156462585034135,0.316156462585034135,0.316156462585034135,0,0
HYD,20120620,0.316156462585034135,0.316156462585034135,0.316156462585034135,0.316156462585034135,0,0
HYD,20120621,0.316156462585034135,0.316156462585034135,0.316156462585034135,0.316156462585034135,0,0
HYD,20120622,0.316156462585034135,0.316156462585034135,0.316156462585034135,0.316156462585034135,0,0
HYD,20120625,0.316156462585034135,0.321904761904762029,0.316156462585034135,0.321904761904762029,3130,0
HYD,20120626,0.316156462585034135,0.316156462585034135,0.304659863945578348,0.316156462585034135,5000,0
HYD,20120627,0.304659863945578348,0.304659863945578348,0.304659863945578348,0.304659863945578348,2447.6,0
HYD,20120628,0.304659863945578348,0.304659863945578348,0.304659863945578348,0.304659863945578348,0,0
HYD,20120629,0.304659863945578348,0.321904761904762029,0.298911564625850455,0.298911564625850455,25539.1,0
HYD,20120702,0.298911564625850455,0.298911564625850455,0.298911564625850455,0.298911564625850455,0,0
HYD,20120703,0.298911564625850455,0.298911564625850455,0.298911564625850455,0.298911564625850455,0,0
HYD,20120704,0.298911564625850455,0.298911564625850455,0.298911564625850455,0.298911564625850455,0,0
HYD,20120705,0.298911564625850455,0.298911564625850455,0.298911564625850455,0.298911564625850455,0,0
HYD,20120706,0.316156462585034135,0.316156462585034135,0.316156462585034135,0.316156462585034135,1500,0
HYD,20120709,0.316156462585034135,0.316156462585034135,0.316156462585034135,0.316156462585034135,0,0
HYD,20120710,0.316156462585034135,0.316156462585034135,0.316156462585034135,0.316156462585034135,0,0
HYD,20120711,0.316156462585034135,0.316156462585034135,0.316156462585034135,0.316156462585034135,0,0
HYD,20120712,0.310408163265306242,0.310408163265306242,0.310408163265306242,0.310408163265306242,800,0
HYD,20120713,0.310408163265306242,0.310408163265306242,0.310408163265306242,0.310408163265306242,0,0
HYD,20120716,0.310408163265306242,0.310408163265306242,0.310408163265306242,0.310408163265306242,200,0
HYD,20120717,0.310408163265306242,0.310408163265306242,0.310408163265306242,0.310408163265306242,0,0
HYD,20120718,0.298911564625850455,0.298911564625850455,0.298911564625850455,0.298911564625850455,6802.4,0
HYD,20120719,0.298911564625850455,0.298911564625850455,0.298911564625850455,0.298911564625850455,3197.6,0
HYD,20120720,0.298911564625850455,0.298911564625850455,0.298911564625850455,0.298911564625850455,0,0
HYD,20120723,0.298911564625850455,0.298911564625850455,0.298911564625850455,0.298911564625850455,0,0
HYD,20120724,0.298911564625850455,0.298911564625850455,0.298911564625850455,0.298911564625850455,0,0
HYD,20120725,0.298911564625850455,0.298911564625850455,0.298911564625850455,0.298911564625850455,2000,0
HYD,20120726,0.298911564625850455,0.298911564625850455,0.298911564625850455,0.298911564625850455,0,0
HYD,20120727,0.298911564625850455,0.298911564625850455,0.298911564625850455,0.298911564625850455,0,0
HYD,20120730,0.298911564625850455,0.316156462585034135,0.298911564625850455,0.316156462585034135,4302.4,0
HYD,20120731,0.316156462585034135,0.316156462585034135,0.316156462585034135,0.316156462585034135,2197.7,0
HYD,20120801,0.316156462585034135,0.316156462585034135,0.316156462585034135,0.316156462585034135,0,0
HYD,20120802,0.316156462585034135,0.316156462585034135,0.316156462585034135,0.316156462585034135,0,0
HYD,20120803,0.316156462585034135,0.316156462585034135,0.316156462585034135,0.316156462585034135,0,0
HYD,20120806,0.327653061224489922,0.327653061224489922,0.327653061224489922,0.327653061224489922,2000,0
HYD,20120807,0.327653061224489922,0.327653061224489922,0.327653061224489922,0.327653061224489922,0,0
HYD,20120808,0.327653061224489922,0.327653061224489922,0.327653061224489922,0.327653061224489922,0,0
HYD,20120809,0.327653061224489922,0.327653061224489922,0.327653061224489922,0.327653061224489922,0,0
HYD,20120810,0.327653061224489922,0.327653061224489922,0.327653061224489922,0.327653061224489922,0,0
HYD,20120813,0.287414965986394668,0.287414965986394668,0.287414965986394668,0.287414965986394668,3500,0
HYD,20120814,0.287414965986394668,0.287414965986394668,0.287414965986394668,0.287414965986394668,0,0
HYD,20120815,0.287414965986394668,0.287414965986394668,0.287414965986394668,0.287414965986394668,0,0
HYD,20120816,0.321904761904762029,0.321904761904762029,0.310408163265306242,0.310408163265306242,5000,0
HYD,20120817,0.310408163265306242,0.310408163265306242,0.310408163265306242,0.310408163265306242,0,0
HYD,20120820,0.310408163265306242,0.310408163265306242,0.310408163265306242,0.310408163265306242,0,0
HYD,20120821,0.316156462585034135,0.316156462585034135,0.310408163265306242,0.310408163265306242,2500,0
HYD,20120822,0.310408163265306242,0.310408163265306242,0.310408163265306242,0.310408163265306242,0,0
HYD,20120823,0.310408163265306242,0.310408163265306242,0.310408163265306242,0.310408163265306242,0,0
HYD,20120824,0.316156462585034135,0.316156462585034135,0.316156462585034135,0.316156462585034135,3000,0
HYD,20120827,0.316156462585034135,0.316156462585034135,0.316156462585034135,0.316156462585034135,0,0
HYD,20120828,0.310408163265306242,0.310408163265306242,0.304659863945578348,0.304659863945578348,1660.8,0
HYD,20120829,0.304659863945578348,0.310408163265306242,0.304659863945578348,0.310408163265306242,6000,0
HYD,20120830,0.310408163265306242,0.310408163265306242,0.310408163265306242,0.310408163265306242,0,0
HYD,20120831,0.316156462585034135,0.316156462585034135,0.316156462585034135,0.316156462585034135,2520,0
HYD,20120903,0.316156462585034135,0.316156462585034135,0.304659863945578348,0.310408163265306242,3639.2,0
HYD,20120904,0.310408163265306242,0.310408163265306242,0.310408163265306242,0.310408163265306242,3680,0
HYD,20120905,0.310408163265306242,0.310408163265306242,0.310408163265306242,0.310408163265306242,0,0
HYD,20120906,0.304659863945578348,0.304659863945578348,0.304659863945578348,0.304659863945578348,1650,0
HYD,20120907,0.304659863945578348,0.304659863945578348,0.304659863945578348,0.304659863945578348,0,0
HYD,20120910,0.304659863945578348,0.304659863945578348,0.304659863945578348,0.304659863945578348,800,0
HYD,20120911,0.304659863945578348,0.304659863945578348,0.298911564625850455,0.298911564625850455,6050,0
HYD,20120912,0.298911564625850455,0.298911564625850455,0.298911564625850455,0.298911564625850455,0,0
HYD,20120913,0.304659863945578348,0.339149659863945709,0.304659863945578348,0.321904761904762029,3900,0
HYD,20120914,0.321904761904762029,0.321904761904762029,0.321904761904762029,0.321904761904762029,1050,0
HYD,20120917,0.321904761904762029,0.321904761904762029,0.321904761904762029,0.321904761904762029,0,0
HYD,20120918,0.321904761904762029,0.321904761904762029,0.321904761904762029,0.321904761904762029,0,0
HYD,20120919,0.321904761904762029,0.321904761904762029,0.321904761904762029,0.321904761904762029,0,0
HYD,20120920,0.327653061224489922,0.327653061224489922,0.327653061224489922,0.327653061224489922,2000,0
HYD,20120921,0.316156462585034135,0.316156462585034135,0.316156462585034135,0.316156462585034135,2000,0
HYD,20120924,0.316156462585034135,0.316156462585034135,0.316156462585034135,0.316156462585034135,0,0
HYD,20120925,0.316156462585034135,0.316156462585034135,0.316156462585034135,0.316156462585034135,0,0
HYD,20120926,0.316156462585034135,0.316156462585034135,0.316156462585034135,0.316156462585034135,0,0
HYD,20120927,0.316156462585034135,0.316156462585034135,0.316156462585034135,0.316156462585034135,0,0
HYD,20120928,0.316156462585034135,0.316156462585034135,0.316156462585034135,0.316156462585034135,0,0
HYD,20121001,0.310408163265306242,0.310408163265306242,0.310408163265306242,0.310408163265306242,2188.2,0
HYD,20121002,0.310408163265306242,0.310408163265306242,0.310408163265306242,0.310408163265306242,300,0
HYD,20121003,0.310408163265306242,0.310408163265306242,0.310408163265306242,0.310408163265306242,0,0
HYD,20121004,0.310408163265306242,0.310408163265306242,0.310408163265306242,0.310408163265306242,11.8,0
HYD,20121005,0.310408163265306242,0.310408163265306242,0.310408163265306242,0.310408163265306242,0,0
HYD,20121008,0.310408163265306242,0.310408163265306242,0.310408163265306242,0.310408163265306242,0,0
HYD,20121009,0.310408163265306242,0.310408163265306242,0.310408163265306242,0.310408163265306242,0,0
HYD,20121010,0.310408163265306242,0.310408163265306242,0.310408163265306242,0.310408163265306242,0,0
HYD,20121011,0.310408163265306242,0.310408163265306242,0.310408163265306242,0.310408163265306242,0,0
HYD,20121012,0.287414965986394668,0.287414965986394668,0.287414965986394668,0.287414965986394668,2000,0
HYD,20121015,0.287414965986394668,0.287414965986394668,0.287414965986394668,0.287414965986394668,2500,0
HYD,20121016,0.287414965986394668,0.287414965986394668,0.287414965986394668,0.287414965986394668,0,0
HYD,20121017,0.287414965986394668,0.287414965986394668,0.287414965986394668,0.287414965986394668,0,0
HYD,20121018,0.258673469387755202,0.258673469387755202,0.258673469387755202,0.258673469387755202,1200,0
HYD,20121019,0.258673469387755202,0.258673469387755202,0.258673469387755202,0.258673469387755202,0,0
HYD,20121022,0.264421768707483095,0.264421768707483095,0.264421768707483095,0.264421768707483095,1600,0
HYD,20121023,0.264421768707483095,0.264421768707483095,0.224183673469387841,0.224183673469387841,5900,0
HYD,20121024,0.224183673469387841,0.224183673469387841,0.224183673469387841,0.224183673469387841,500,0
HYD,20121025,0.224183673469387841,0.224183673469387841,0.224183673469387841,0.224183673469387841,0,0
HYD,20121026,0.224183673469387841,0.224183673469387841,0.224183673469387841,0.224183673469387841,0,0
HYD,20121029,0.224183673469387841,0.224183673469387841,0.224183673469387841,0.224183673469387841,0,0
HYD,20121030,0.224183673469387841,0.224183673469387841,0.224183673469387841,0.224183673469387841,3180,0
HYD,20121031,0.224183673469387841,0.224183673469387841,0.224183673469387841,0.224183673469387841,17600,0
HYD,20121101,0.224183673469387841,0.224183673469387841,0.224183673469387841,0.224183673469387841,9966.6,0
HYD,20121102,0.224183673469387841,0.224183673469387841,0.224183673469387841,0.224183673469387841,0,0
HYD,20121105,0.224183673469387841,0.224183673469387841,0.224183673469387841,0.224183673469387841,0,0
HYD,20121106,0.172448979591836801,0.172448979591836801,0.172448979591836801,0.172448979591836801,514.4,0
HYD,20121107,0.172448979591836801,0.172448979591836801,0.172448979591836801,0.172448979591836801,15000,0
HYD,20121108,0.172448979591836801,0.172448979591836801,0.172448979591836801,0.172448979591836801,1485.6,0
HYD,20121109,0.172448979591836801,0.172448979591836801,0.172448979591836801,0.172448979591836801,0,0
HYD,20121112,0.172448979591836801,0.172448979591836801,0.172448979591836801,0.172448979591836801,0,0
HYD,20121113,0.172448979591836801,0.172448979591836801,0.172448979591836801,0.172448979591836801,0,0
HYD,20121114,0.172448979591836801,0.172448979591836801,0.172448979591836801,0.172448979591836801,0,0
HYD,20121115,0.172448979591836801,0.172448979591836801,0.172448979591836801,0.172448979591836801,0,0
HYD,20121116,0.172448979591836801,0.172448979591836801,0.172448979591836801,0.172448979591836801,0,0
HYD,20121119,0.172448979591836801,0.172448979591836801,0.172448979591836801,0.172448979591836801,9000,0
HYD,20121120,0.172448979591836801,0.172448979591836801,0.172448979591836801,0.172448979591836801,0,0
HYD,20121121,0.160952380952381014,0.160952380952381014,0.160952380952381014,0.160952380952381014,800,0
HYD,20121122,0.160952380952381014,0.160952380952381014,0.160952380952381014,0.160952380952381014,0,0
HYD,20121123,0.149455782312925228,0.149455782312925228,0.149455782312925228,0.149455782312925228,8500,0
HYD,20121126,0.149455782312925228,0.149455782312925228,0.149455782312925228,0.149455782312925228,0,0
HYD,20121127,0.149455782312925228,0.149455782312925228,0.149455782312925228,0.149455782312925228,0,0
HYD,20121128,0.149455782312925228,0.149455782312925228,0.149455782312925228,0.149455782312925228,11290.4,0
HYD,20121129,0.149455782312925228,0.149455782312925228,0.143707482993197334,0.143707482993197334,4209.6,0
HYD,20121130,0.143707482993197334,0.143707482993197334,0.143707482993197334,0.143707482993197334,0,0
HYD,20121203,0.143707482993197334,0.143707482993197334,0.143707482993197334,0.143707482993197334,7790.4,0
HYD,20121204,0.143707482993197334,0.143707482993197334,0.143707482993197334,0.143707482993197334,0,0
HYD,20121205,0.143707482993197334,0.143707482993197334,0.143707482993197334,0.143707482993197334,1500,0
HYD,20121206,0.166700680272108908,0.166700680272108908,0.166700680272108908,0.166700680272108908,30000,0
HYD,20121207,0.172448979591836801,0.172448979591836801,0.172448979591836801,0.172448979591836801,2000,0
HYD,20121210,0.172448979591836801,0.172448979591836801,0.143707482993197334,0.143707482993197334,4280,0
HYD,20121211,0.172448979591836801,0.172448979591836801,0.172448979591836801,0.172448979591836801,2600,0
HYD,20121212,0.172448979591836801,0.172448979591836801,0.172448979591836801,0.172448979591836801,0,0
HYD,20121213,0.172448979591836801,0.172448979591836801,0.172448979591836801,0.172448979591836801,0,0
HYD,20121214,0.172448979591836801,0.172448979591836801,0.172448979591836801,0.172448979591836801,0,0
HYD,20121217,0.143707482993197334,0.143707482993197334,0.143707482993197334,0.143707482993197334,2920.1,0
HYD,20121218,0.143707482993197334,0.143707482993197334,0.143707482993197334,0.143707482993197334,0,0
HYD,20121219,0.143707482993197334,0.143707482993197334,0.143707482993197334,0.143707482993197334,0,0
HYD,20121220,0.143707482993197334,0.143707482993197334,0.143707482993197334,0.143707482993197334,0,0
HYD,20121221,0.143707482993197334,0.143707482993197334,0.143707482993197334,0.143707482993197334,13020,0
HYD,20121224,0.143707482993197334,0.143707482993197334,0.143707482993197334,0.143707482993197334,0,0
HYD,20121225,0.143707482993197334,0.143707482993197334,0.143707482993197334,0.143707482993197334,0,0
HYD,20121226,0.143707482993197334,0.143707482993197334,0.143707482993197334,0.143707482993197334,0,0
HYD,20121227,0.143707482993197334,0.143707482993197334,0.143707482993197334,0.143707482993197334,0,0
HYD,20121228,0.143707482993197334,0.143707482993197334,0.143707482993197334,0.143707482993197334,0,0
HYD,20121231,0.143707482993197334,0.143707482993197334,0.143707482993197334,0.143707482993197334,0,0
HYD,20130101,0.143707482993197334,0.143707482993197334,0.143707482993197334,0.143707482993197334,0,0
HYD,20130102,0.172448979591836801,0.172448979591836801,0.172448979591836801,0.172448979591836801,12000,0
HYD,20130103,0.172448979591836801,0.172448979591836801,0.172448979591836801,0.172448979591836801,0,0
HYD,20130104,0.172448979591836801,0.172448979591836801,0.172448979591836801,0.172448979591836801,0,0
HYD,20130107,0.172448979591836801,0.172448979591836801,0.172448979591836801,0.172448979591836801,0,0
HYD,20130108,0.172448979591836801,0.172448979591836801,0.172448979591836801,0.172448979591836801,0,0
HYD,20130109,0.172448979591836801,0.172448979591836801,0.172448979591836801,0.172448979591836801,0,0
HYD,20130110,0.172448979591836801,0.172448979591836801,0.172448979591836801,0.172448979591836801,0,0
HYD,20130111,0.172448979591836801,0.172448979591836801,0.172448979591836801,0.172448979591836801,0,0
HYD,20130114,0.166700680272108908,0.172448979591836801,0.166700680272108908,0.172448979591836801,8000,0
HYD,20130115,0.172448979591836801,0.172448979591836801,0.172448979591836801,0.172448979591836801,0,0
HYD,20130116,0.172448979591836801,0.172448979591836801,0.172448979591836801,0.172448979591836801,0,0
HYD,20130117,0.172448979591836801,0.172448979591836801,0.172448979591836801,0.172448979591836801,0,0
HYD,20130118,0.132210884353741547,0.132210884353741547,0.132210884353741547,0.132210884353741547,5012.2,0
HYD,20130121,0.132210884353741547,0.132210884353741547,0.132210884353741547,0.132210884353741547,0,0
HYD,20130122,0.132210884353741547,0.132210884353741547,0.132210884353741547,0.132210884353741547,0,0
HYD,20130123,0.132210884353741547,0.132210884353741547,0.132210884353741547,0.132210884353741547,0,0
HYD,20130124,0.132210884353741547,0.132210884353741547,0.132210884353741547,0.132210884353741547,0,0
HYD,20130125,0.132210884353741547,0.132210884353741547,0.132210884353741547,0.132210884353741547,0,0
HYD,20130128,0.132210884353741547,0.132210884353741547,0.132210884353741547,0.132210884353741547,0,0
HYD,20130129,0.132210884353741547,0.132210884353741547,0.132210884353741547,0.132210884353741547,0,0
HYD,20130130,0.137959183673469441,0.137959183673469441,0.132210884353741547,0.132210884353741547,5200,0
HYD,20130131,0.132210884353741547,0.132210884353741547,0.132210884353741547,0.132210884353741547,0,0
HYD,20130201,0.132210884353741547,0.132210884353741547,0.132210884353741547,0.132210884353741547,0,0
HYD,20130204,0.132210884353741547,0.132210884353741547,0.132210884353741547,0.132210884353741547,0,0
HYD,20130205,0.132210884353741547,0.132210884353741547,0.132210884353741547,0.132210884353741547,0,0
HYD,20130206,0.132210884353741547,0.132210884353741547,0.132210884353741547,0.132210884353741547,0,0
HYD,20130207,0.132210884353741547,0.132210884353741547,0.132210884353741547,0.132210884353741547,0,0
HYD,20130208,0.132210884353741547,0.132210884353741547,0.132210884353741547,0.132210884353741547,0,0
HYD,20130211,0.132210884353741547,0.132210884353741547,0.132210884353741547,0.132210884353741547,0,0
HYD,20130212,0.132210884353741547,0.132210884353741547,0.132210884353741547,0.132210884353741547,0,0
HYD,20130213,0.143707482993197334,0.143707482993197334,0.143707482993197334,0.143707482993197334,650,0
HYD,20130214,0.143707482993197334,0.143707482993197334,0.143707482993197334,0.143707482993197334,0,0
HYD,20130215,0.143707482993197334,0.143707482993197334,0.143707482993197334,0.143707482993197334,0,0
HYD,20130218,0.172448979591836801,0.172448979591836801,0.172448979591836801,0.172448979591836801,4176,0
HYD,20130219,0.172448979591836801,0.172448979591836801,0.172448979591836801,0.172448979591836801,0,0
HYD,20130220,0.172448979591836801,0.172448979591836801,0.172448979591836801,0.172448979591836801,2100,0
HYD,20130221,0.172448979591836801,0.172448979591836801,0.172448979591836801,0.172448979591836801,0,0
HYD,20130222,0.160952380952381014,0.160952380952381014,0.160952380952381014,0.160952380952381014,938.2,0
HYD,20130225,0.160952380952381014,0.160952380952381014,0.160952380952381014,0.160952380952381014,9000,0
HYD,20130226,0.160952380952381014,0.160952380952381014,0.160952380952381014,0.160952380952381014,0,0
HYD,20130227,0.160952380952381014,0.160952380952381014,0.160952380952381014,0.160952380952381014,0,0
HYD,20130228,0.160952380952381014,0.160952380952381014,0.160952380952381014,0.160952380952381014,0,0
HYD,20130301,0.160952380952381014,0.160952380952381014,0.160952380952381014,0.160952380952381014,0,0
HYD,20130304,0.160952380952381014,0.160952380952381014,0.160952380952381014,0.160952380952381014,0,0
HYD,20130305,0.160952380952381014,0.160952380952381014,0.160952380952381014,0.160952380952381014,0,0
HYD,20130306,0.160952380952381014,0.160952380952381014,0.160952380952381014,0.160952380952381014,0,0
HYD,20130307,0.160952380952381014,0.160952380952381014,0.160952380952381014,0.160952380952381014,0,0
HYD,20130308,0.160952380952381014,0.160952380952381014,0.160952380952381014,0.160952380952381014,0,0
HYD,20130311,0.160952380952381014,0.160952380952381014,0.160952380952381014,0.160952380952381014,0,0
HYD,20130312,0.114965986394557867,0.126462585034013654,0.114965986394557867,0.126462585034013654,28899.8,0
HYD,20130313,0.120714285714285761,0.120714285714285761,0.120714285714285761,0.120714285714285761,13000,0
HYD,20130314,0.103469387755102081,0.109217687074829974,0.103469387755102081,0.103469387755102081,12000,0
HYD,20130315,0.120714285714285761,0.120714285714285761,0.120714285714285761,0.120714285714285761,5000,0
HYD,20130318,0.120714285714285761,0.120714285714285761,0.120714285714285761,0.120714285714285761,0,0
HYD,20130319,0.120714285714285761,0.120714285714285761,0.120714285714285761,0.120714285714285761,0,0
HYD,20130320,0.114965986394557867,0.114965986394557867,0.109217687074829974,0.109217687074829974,39570.7,0
HYD,20130321,0.114965986394557867,0.114965986394557867,0.114965986394557867,0.114965986394557867,4320,0
HYD,20130322,0.114965986394557867,0.114965986394557867,0.114965986394557867,0.114965986394557867,0,0
HYD,20130325,0.109217687074829974,0.109217687074829974,0.109217687074829974,0.109217687074829974,3957.4,0
HYD,20130326,0.109217687074829974,0.109217687074829974,0.109217687074829974,0.109217687074829974,0,0
HYD,20130327,0.109217687074829974,0.109217687074829974,0.109217687074829974,0.109217687074829974,0,0
HYD,20130328,0.109217687074829974,0.109217687074829974,0.109217687074829974,0.109217687074829974,106.4,0
HYD,20130329,0.109217687074829974,0.109217687074829974,0.109217687074829974,0.109217687074829974,0,0
HYD,20130401,0.109217687074829974,0.109217687074829974,0.109217687074829974,0.109217687074829974,0,0
HYD,20130402,0.109217687074829974,0.109217687074829974,0.109217687074829974,0.109217687074829974,0,0
HYD,20130403,0.109217687074829974,0.109217687074829974,0.109217687074829974,0.109217687074829974,0,0
HYD,20130404,0.109217687074829974,0.109217687074829974,0.109217687074829974,0.109217687074829974,0,0
HYD,20130405,0.109217687074829974,0.109217687074829974,0.109217687074829974,0.109217687074829974,8365.5,0
HYD,20130408,0.103469387755102081,0.109217687074829974,0.103469387755102081,0.109217687074829974,10704.9,0
HYD,20130409,0.109217687074829974,0.109217687074829974,0.109217687074829974,0.109217687074829974,0,0
HYD,20130410,0.109217687074829974,0.109217687074829974,0.109217687074829974,0.109217687074829974,1365.5,0
HYD,20130411,0.109217687074829974,0.109217687074829974,0.109217687074829974,0.109217687074829974,0,0
HYD,20130412,0.103469387755102081,0.103469387755102081,0.0977210884353741872,0.0977210884353741872,11500,0
HYD,20130415,0.0977210884353741872,0.0977210884353741872,0.0977210884353741872,0.0977210884353741872,0,0
HYD,20130416,0.0977210884353741872,0.0977210884353741872,0.0977210884353741872,0.0977210884353741872,0,0
HYD,20130417,0.0977210884353741872,0.0977210884353741872,0.0977210884353741872,0.0977210884353741872,0,0
HYD,20130418,0.0862244897959184005,0.0862244897959184005,0.0862244897959184005,0.0862244897959184005,10000,0
HYD,20130419,0.103469387755102081,0.103469387755102081,0.103469387755102081,0.103469387755102081,3900,0
HYD,20130422,0.103469387755102081,0.103469387755102081,0.103469387755102081,0.103469387755102081,0,0
HYD,20130423,0.103469387755102081,0.103469387755102081,0.103469387755102081,0.103469387755102081,0,0
HYD,20130424,0.103469387755102081,0.103469387755102081,0.103469387755102081,0.103469387755102081,0,0
HYD,20130425,0.103469387755102081,0.103469387755102081,0.103469387755102081,0.103469387755102081,0,0
HYD,20130426,0.063231292517006827,0.063231292517006827,0.063231292517006827,0.063231292517006827,9260,0
HYD,20130429,0.0574829931972789337,0.0574829931972789337,0.0574829931972789337,0.0574829931972789337,20300,0
HYD,20130430,0.0574829931972789337,0.0574829931972789337,0.0574829931972789337,0.0574829931972789337,9950,0
HYD,20130501,0.0574829931972789337,0.0574829931972789337,0.0574829931972789337,0.0574829931972789337,0,0
HYD,20130502,0.0574829931972789337,0.0574829931972789337,0.0229931972789115735,0.0287414965986394668,62516.6,0
HYD,20130503,0.0287414965986394668,0.0287414965986394668,0.0287414965986394668,0.0287414965986394668,0,0
HYD,20130506,0.0287414965986394668,0.0287414965986394668,0.0287414965986394668,0.0287414965986394668,0,0
HYD,20130507,0.0287414965986394668,0.0287414965986394668,0.0287414965986394668,0.0287414965986394668,0,0
HYD,20130508,0.0287414965986394668,0.0287414965986394668,0.0287414965986394668,0.0287414965986394668,0,0
HYD,20130509,0.0287414965986394668,0.0287414965986394668,0.0287414965986394668,0.0287414965986394668,0,0
HYD,20130510,0.0287414965986394668,0.0287414965986394668,0.0287414965986394668,0.0287414965986394668,0,0
HYD,20130513,0.0287414965986394668,0.0287414965986394668,0.0287414965986394668,0.0287414965986394668,0,0
HYD,20130514,0.0287414965986394668,0.0287414965986394668,0.0287414965986394668,0.0287414965986394668,0,0
HYD,20130515,0.0287414965986394668,0.0287414965986394668,0.0287414965986394668,0.0287414965986394668,0,0
HYD,20130516,0.0287414965986394668,0.0287414965986394668,0.0287414965986394668,0.0287414965986394668,0,0
HYD,20130517,0.0287414965986394668,0.0287414965986394668,0.0287414965986394668,0.0287414965986394668,0,0
HYD,20130520,0.0344897959183673602,0.0344897959183673602,0.0344897959183673602,0.0344897959183673602,3682.4,0
HYD,20130521,0.0344897959183673602,0.0344897959183673602,0.0344897959183673602,0.0344897959183673602,3682.4,0
HYD,20130522,0.0344897959183673602,0.0344897959183673602,0.0344897959183673602,0.0344897959183673602,6317.6,0
HYD,20130523,0.0344897959183673602,0.0344897959183673602,0.0344897959183673602,0.0344897959183673602,0,0
HYD,20130524,0.0344897959183673602,0.0344897959183673602,0.0344897959183673602,0.0344897959183673602,0,0
HYD,20130527,0.0344897959183673602,0.0344897959183673602,0.0344897959183673602,0.0344897959183673602,0,0
HYD,20130528,0.0574829931972789337,0.0574829931972789337,0.0574829931972789337,0.0574829931972789337,3682.4,0
HYD,20130529,0.0574829931972789337,0.0574829931972789337,0.0574829931972789337,0.0574829931972789337,0,0
HYD,20130530,0.0574829931972789337,0.0574829931972789337,0.0574829931972789337,0.0574829931972789337,0,0
HYD,20130531,0.0574829931972789337,0.0574829931972789337,0.0574829931972789337,0.0574829931972789337,0,0
HYD,20130603,0.0574829931972789337,0.0574829931972789337,0.0574829931972789337,0.0574829931972789337,0,0
HYD,20130604,0.0574829931972789337,0.0574829931972789337,0.0574829931972789337,0.0574829931972789337,0,0
HYD,20130605,0.0574829931972789337,0.0574829931972789337,0.0574829931972789337,0.0574829931972789337,0,0
HYD,20130606,0.0517346938775510403,0.0574829931972789337,0.0459863945578231469,0.0459863945578231469,32897.3,0
HYD,20130607,0.0344897959183673602,0.0344897959183673602,0.0344897959183673602,0.0344897959183673602,7436.9,0
HYD,20130610,0.0344897959183673602,0.0344897959183673602,0.0344897959183673602,0.0344897959183673602,0,0
HYD,20130611,0.0344897959183673602,0.0344897959183673602,0.0344897959183673602,0.0344897959183673602,0,0
HYD,20130612,0.0344897959183673602,0.0344897959183673602,0.0344897959183673602,0.0344897959183673602,2563.1,0
HYD,20130613,0.0344897959183673602,0.0344897959183673602,0.0344897959183673602,0.0344897959183673602,0,0
HYD,20130614,0.0344897959183673602,0.0344897959183673602,0.0344897959183673602,0.0344897959183673602,0,0
HYD,20130617,0.0287414965986394668,0.0287414965986394668,0.0287414965986394668,0.0287414965986394668,536.9,0
HYD,20130618,0.0287414965986394668,0.0287414965986394668,0.0287414965986394668,0.0287414965986394668,0,0
HYD,20130619,0.0287414965986394668,0.0287414965986394668,0.0287414965986394668,0.0287414965986394668,7821.2,0
HYD,20130620,0.0287414965986394668,0.0287414965986394668,0.0287414965986394668,0.0287414965986394668,0,0
HYD,20130621,0.0287414965986394668,0.0287414965986394668,0.0287414965986394668,0.0287414965986394668,0,0
HYD,20130624,0.0344897959183673602,0.0344897959183673602,0.0229931972789115735,0.0287414965986394668,36656.2,0
HYD,20130625,0.0287414965986394668,0.0287414965986394668,0.0287414965986394668,0.0287414965986394668,0,0
HYD,20130626,0.0287414965986394668,0.0287414965986394668,0.0229931972789115735,0.0229931972789115735,10000,0
HYD,20130627,0.0229931972789115735,0.0229931972789115735,0.0229931972789115735,0.0229931972789115735,0,0
HYD,20130628,0.0229931972789115735,0.0229931972789115735,0.0229931972789115735,0.0229931972789115735,0,0
HYD,20130701,0.0229931972789115735,0.0229931972789115735,0.0229931972789115735,0.0229931972789115735,0,0
HYD,20130702,0.0229931972789115735,0.0229931972789115735,0.0229931972789115735,0.0229931972789115735,0,0
HYD,20130703,0.0229931972789115735,0.0229931972789115735,0.0229931972789115735,0.0229931972789115735,0,0
HYD,20130704,0.0229931972789115735,0.0229931972789115735,0.0229931972789115735,0.0229931972789115735,0,0
HYD,20130705,0.0229931972789115735,0.0229931972789115735,0.0229931972789115735,0.0229931972789115735,0,0
HYD,20130708,0.0229931972789115735,0.0229931972789115735,0.0229931972789115735,0.0229931972789115735,0,0
HYD,20130709,0.0229931972789115735,0.0229931972789115735,0.0229931972789115735,0.0229931972789115735,0,0
HYD,20130710,0.0229931972789115735,0.0229931972789115735,0.0229931972789115735,0.0229931972789115735,0,0
HYD,20130711,0.0229931972789115735,0.0229931972789115735,0.0229931972789115735,0.0229931972789115735,0,0
HYD,20130712,0.0229931972789115735,0.0229931972789115735,0.0229931972789115735,0.0229931972789115735,0,0
HYD,20130715,0.0229931972789115735,0.0229931972789115735,0.0229931972789115735,0.0229931972789115735,0,0
HYD,20130716,0.0229931972789115735,0.0229931972789115735,0.0229931972789115735,0.0229931972789115735,0,0
HYD,20130717,0.0229931972789115735,0.0229931972789115735,0.0229931972789115735,0.0229931972789115735,0,0
HYD,20130718,0.0229931972789115735,0.0229931972789115735,0.0229931972789115735,0.0229931972789115735,0,0
HYD,20130719,0.0287414965986394668,0.0287414965986394668,0.0229931972789115735,0.0229931972789115735,31561.3,0
HYD,20130722,0.0229931972789115735,0.0229931972789115735,0.0229931972789115735,0.0229931972789115735,0,0
HYD,20130723,0.0229931972789115735,0.0229931972789115735,0.0229931972789115735,0.0229931972789115735,0,0
HYD,20130724,0.0229931972789115735,0.0229931972789115735,0.0229931972789115735,0.0229931972789115735,0,0
HYD,20130725,0.0229931972789115735,0.0229931972789115735,0.0229931972789115735,0.0229931972789115735,0,0
HYD,20130726,0.0229931972789115735,0.0229931972789115735,0.0229931972789115735,0.0229931972789115735,0,0
HYD,20130729,0.0229931972789115735,0.0229931972789115735,0.0229931972789115735,0.0229931972789115735,0,0
HYD,20130730,0.0229931972789115735,0.0229931972789115735,0.0229931972789115735,0.0229931972789115735,0,0
HYD,20130731,0.0229931972789115735,0.0229931972789115735,0.0229931972789115735,0.0229931972789115735,0,0
HYD,20130801,0.0229931972789115735,0.0229931972789115735,0.0229931972789115735,0.0229931972789115735,0,0
HYD,20130802,0.0229931972789115735,0.0229931972789115735,0.0229931972789115735,0.0229931972789115735,0,0
HYD,20130805,0.0229931972789115735,0.0229931972789115735,0.0229931972789115735,0.0229931972789115735,0,0
HYD,20130806,0.0229931972789115735,0.0229931972789115735,0.0229931972789115735,0.0229931972789115735,1956.8,0
HYD,20130807,0.0287414965986394668,0.0287414965986394668,0.0287414965986394668,0.0287414965986394668,12000,0
HYD,20130808,0.0287414965986394668,0.0287414965986394668,0.0287414965986394668,0.0287414965986394668,0,0
HYD,20130809,0.0287414965986394668,0.0287414965986394668,0.0287414965986394668,0.0287414965986394668,13000,0
HYD,20130812,0.0287414965986394668,0.0287414965986394668,0.0287414965986394668,0.0287414965986394668,16454.5,0
HYD,20130813,0.0287414965986394668,0.0287414965986394668,0.0287414965986394668,0.0287414965986394668,0,0
HYD,20130814,0.0287414965986394668,0.0287414965986394668,0.0287414965986394668,0.0287414965986394668,0,0
HYD,20130815,0.0287414965986394668,0.0287414965986394668,0.0287414965986394668,0.0287414965986394668,2300,0
HYD,20130816,0.0287414965986394668,0.0287414965986394668,0.0287414965986394668,0.0287414965986394668,0,0
HYD,20130819,0.0287414965986394668,0.0287414965986394668,0.0229931972789115735,0.0229931972789115735,25000,0
HYD,20130820,0.0229931972789115735,0.0229931972789115735,0.0229931972789115735,0.0229931972789115735,1000,0
HYD,20130821,0.0287414965986394668,0.0517346938775510403,0.0287414965986394668,0.0517346938775510403,32000,0
HYD,20130822,0.0574829931972789337,0.0574829931972789337,0.0517346938775510403,0.0517346938775510403,7000,0
HYD,20130823,0.0574829931972789337,0.063231292517006827,0.0574829931972789337,0.063231292517006827,24697.6,0
HYD,20130826,0.063231292517006827,0.063231292517006827,0.063231292517006827,0.063231292517006827,5500,0
HYD,20130827,0.063231292517006827,0.063231292517006827,0.0402380952380952536,0.0402380952380952536,25015.8,0
HYD,20130828,0.0402380952380952536,0.0402380952380952536,0.0402380952380952536,0.0402380952380952536,0,0
HYD,20130829,0.0402380952380952536,0.0402380952380952536,0.0402380952380952536,0.0402380952380952536,0,0
HYD,20130830,0.0402380952380952536,0.0402380952380952536,0.0402380952380952536,0.0402380952380952536,0,0
HYD,20130902,0.07428571428571432,0.07428571428571432,0.07428571428571432,0.07428571428571432,5278.9,0
HYD,20130903,0.07428571428571432,0.07428571428571432,0.07428571428571432,0.07428571428571432,0,0
HYD,20130904,0.07428571428571432,0.07428571428571432,0.07428571428571432,0.07428571428571432,0,0
HYD,20130905,0.07428571428571432,0.07428571428571432,0.07428571428571432,0.07428571428571432,0,0
HYD,20130906,0.07428571428571432,0.07428571428571432,0.07428571428571432,0.07428571428571432,0,0
HYD,20130909,0.07428571428571432,0.07428571428571432,0.07428571428571432,0.07428571428571432,0,0
HYD,20130910,0.07428571428571432,0.07428571428571432,0.07428571428571432,0.07428571428571432,0,0
HYD,20130911,0.07428571428571432,0.07428571428571432,0.07428571428571432,0.07428571428571432,0,0
HYD,20130912,0.07428571428571432,0.07428571428571432,0.07428571428571432,0.07428571428571432,0,0
HYD,20130913,0.07428571428571432,0.07428571428571432,0.07428571428571432,0.07428571428571432,0,0
HYD,20130916,0.07428571428571432,0.07428571428571432,0.07428571428571432,0.07428571428571432,0,0
HYD,20130917,0.07428571428571432,0.07428571428571432,0.07428571428571432,0.07428571428571432,0,0
HYD,20130918,0.07428571428571432,0.07428571428571432,0.07428571428571432,0.07428571428571432,0,0
HYD,20130919,0.07428571428571432,0.07428571428571432,0.07428571428571432,0.07428571428571432,0,0
HYD,20130920,0.07428571428571432,0.07428571428571432,0.07428571428571432,0.07428571428571432,0,0
HYD,20130923,0.07428571428571432,0.07428571428571432,0.07428571428571432,0.07428571428571432,0,0
HYD,20130924,0.07428571428571432,0.07428571428571432,0.07428571428571432,0.07428571428571432,0,0
HYD,20130925,0.07428571428571432,0.07428571428571432,0.07428571428571432,0.07428571428571432,0,0
HYD,20130926,0.07428571428571432,0.07428571428571432,0.07428571428571432,0.07428571428571432,0,0
HYD,20130927,0.07428571428571432,0.07428571428571432,0.07428571428571432,0.07428571428571432,0,0
HYD,20130930,0.07428571428571432,0.07428571428571432,0.07428571428571432,0.07428571428571432,0,0
HYD,20131001,0.07428571428571432,0.07428571428571432,0.07428571428571432,0.07428571428571432,0,0
HYD,20131002,0.07428571428571432,0.07428571428571432,0.07428571428571432,0.07428571428571432,0,0
HYD,20131003,0.07428571428571432,0.07428571428571432,0.07428571428571432,0.07428571428571432,0,0
HYD,20131004,0.07428571428571432,0.07428571428571432,0.07428571428571432,0.07428571428571432,0,0
HYD,20131007,0.07428571428571432,0.07428571428571432,0.07428571428571432,0.07428571428571432,0,0
HYD,20131008,0.07428571428571432,0.07428571428571432,0.07428571428571432,0.07428571428571432,0,0
HYD,20131009,0.07428571428571432,0.07428571428571432,0.07428571428571432,0.07428571428571432,0,0
HYD,20131010,0.03714285714285716,0.03714285714285716,0.03714285714285716,0.03714285714285716,122000,0
HYD,20131011,0.02785714285714287,0.03714285714285716,0.02785714285714287,0.03714285714285716,15000,0
HYD,20131014,0.03714285714285716,0.03714285714285716,0.03714285714285716,0.03714285714285716,0,0
HYD,20131015,0.03714285714285716,0.03714285714285716,0.03714285714285716,0.03714285714285716,0,0
HYD,20131016,0.02785714285714287,0.02785714285714287,0.02785714285714287,0.02785714285714287,3383,0
HYD,20131017,0.02785714285714287,0.02785714285714287,0.02785714285714287,0.02785714285714287,0,0
HYD,20131018,0.03714285714285716,0.03714285714285716,0.03714285714285716,0.03714285714285716,107261,0
HYD,20131021,0.03714285714285716,0.03714285714285716,0.03714285714285716,0.03714285714285716,0,0
HYD,20131022,0.03714285714285716,0.04642857142857145,0.03714285714285716,0.03714285714285716,26182.4,0
HYD,20131023,0.03714285714285716,0.03714285714285716,0.03714285714285716,0.03714285714285716,1956.8,0
HYD,20131024,0.03714285714285716,0.03714285714285716,0.03714285714285716,0.03714285714285716,0,0
HYD,20131025,0.04642857142857145,0.04642857142857145,0.04642857142857145,0.04642857142857145,10000,0
HYD,20131028,0.04642857142857145,0.04642857142857145,0.04642857142857145,0.04642857142857145,0,0
HYD,20131029,0.04642857142857145,0.04642857142857145,0.04642857142857145,0.04642857142857145,0,0
HYD,20131030,0.04642857142857145,0.04642857142857145,0.04642857142857145,0.04642857142857145,0,0
HYD,20131031,0.04642857142857145,0.04642857142857145,0.04642857142857145,0.04642857142857145,0,0
HYD,20131101,0.03714285714285716,0.03714285714285716,0.03714285714285716,0.03714285714285716,1300,0
HYD,20131104,0.03714285714285716,0.03714285714285716,0.03714285714285716,0.03714285714285716,93060.8,0
HYD,20131105,0.03714285714285716,0.03714285714285716,0.03714285714285716,0.03714285714285716,0,0
HYD,20131106,0.03714285714285716,0.03714285714285716,0.03714285714285716,0.03714285714285716,14200.2,0
HYD,20131107,0.04642857142857145,0.04642857142857145,0.04642857142857145,0.04642857142857145,277952.3,0
HYD,20131108,0.04642857142857145,0.04642857142857145,0.04642857142857145,0.04642857142857145,0,0
HYD,20131111,0.04642857142857145,0.12071428571428577,0.04642857142857145,0.12071428571428577,105159.9,0
HYD,20131112,0.13928571428571435,0.69642857142857175,0.13928571428571435,0.69642857142857175,824327.8,0
HYD,20131113,0.928571428571429,1.90357142857142945,0.51071428571428595,0.51071428571428595,3421620.9,0
HYD,20131114,0.4642857142857145,0.63142857142857172,0.39000000000000018,0.41785714285714305,1290551.8,0
HYD,20131115,0.44571428571428592,0.44571428571428592,0.29714285714285728,0.30642857142857157,749418.3,0
HYD,20131118,0.36214285714285731,0.45500000000000021,0.33428571428571444,0.35285714285714302,1178628.8,0
HYD,20131119,0.35285714285714302,0.35285714285714302,0.24142857142857154,0.26928571428571441,933897.5,0
HYD,20131120,0.26928571428571441,0.2785714285714287,0.24142857142857154,0.25071428571428583,167154.6,0
HYD,20131121,0.26000000000000012,0.32500000000000015,0.24142857142857154,0.26000000000000012,2344274.4,0
HYD,20131122,0.26928571428571441,0.2785714285714287,0.24142857142857154,0.24142857142857154,337295.2,0
HYD,20131125,0.23214285714285725,0.23214285714285725,0.19500000000000009,0.19500000000000009,546134.3,0
HYD,20131126,0.22285714285714296,0.29714285714285728,0.19500000000000009,0.29714285714285728,1265703.2,0
HYD,20131127,0.36214285714285731,0.53857142857142882,0.32500000000000015,0.39000000000000018,7164697.3,0
HYD,20131128,0.40857142857142876,0.43642857142857163,0.32500000000000015,0.34357142857142873,454806.6,0
HYD,20131129,0.33428571428571444,0.40857142857142876,0.30642857142857157,0.34357142857142873,500977.2,0
HYD,20131202,0.32500000000000015,0.35285714285714302,0.30642857142857157,0.30642857142857157,421511.5,0
HYD,20131203,0.31571428571428586,0.32500000000000015,0.24142857142857154,0.30642857142857157,227631.5,0
HYD,20131204,0.30642857142857157,0.30642857142857157,0.26928571428571441,0.29714285714285728,355434.4,0
HYD,20131205,0.29714285714285728,0.29714285714285728,0.2785714285714287,0.28785714285714299,69885.2,0
HYD,20131206,0.29714285714285728,0.33428571428571444,0.29714285714285728,0.33428571428571444,166321.3,0
HYD,20131209,0.38071428571428589,0.62214285714285743,0.36214285714285731,0.41785714285714305,6651987.2,0
HYD,20131210,0.44571428571428592,0.59428571428571456,0.42714285714285734,0.52928571428571453,6002111.4,0
HYD,20131211,0.56642857142857169,0.62214285714285743,0.50142857142857166,0.52000000000000024,3779299.6,0
HYD,20131212,0.51071428571428595,0.53857142857142882,0.44571428571428592,0.4642857142857145,790390.4,0
HYD,20131213,0.4642857142857145,0.52000000000000024,0.44571428571428592,0.51071428571428595,917691.5,0
HYD,20131216,0.53857142857142882,0.78000000000000036,0.53857142857142882,0.71500000000000033,9001534.3,0
HYD,20131217,0.76142857142857178,0.81714285714285752,0.5571428571428574,0.57571428571428598,4467714.1,0
HYD,20131218,0.57571428571428598,0.91000000000000042,0.57571428571428598,0.91000000000000042,6644249,0
HYD,20131219,0.97500000000000045,1.06785714285714335,0.8357142857142861,0.8357142857142861,6419867.8,0
HYD,20131220,0.86357142857142897,0.97500000000000045,0.79857142857142894,0.82642857142857181,5160693.5,0
HYD,20131223,0.87285714285714326,0.91928571428571471,0.78928571428571465,0.79857142857142894,2625610,0
HYD,20131224,0.79857142857142894,0.82642857142857181,0.76142857142857178,0.78928571428571465,447297.2,0
HYD,20131225,0.78928571428571465,0.78928571428571465,0.78928571428571465,0.78928571428571465,0,0
HYD,20131226,0.78928571428571465,0.78928571428571465,0.78928571428571465,0.78928571428571465,0,0
HYD,20131227,0.78928571428571465,0.88214285714285755,0.78000000000000036,0.88214285714285755,520805.4,0
HYD,20131230,0.90071428571428613,0.97500000000000045,0.86357142857142897,0.87285714285714326,2242557.5,0
HYD,20131231,0.89142857142857184,1.06785714285714335,0.85428571428571468,1.06785714285714335,1258538.5,0
HYD,20140101,1.06785714285714335,1.06785714285714335,1.06785714285714335,1.06785714285714335,0,0
HYD,20140102,1.3000000000000006,1.4857142857142864,1.16071428571428625,1.25357142857142915,3332118.2,0
HYD,20140103,1.25357142857142915,1.3000000000000006,1.06785714285714335,1.1142857142857148,1615105.2,0
HYD,20140106,1.1142857142857148,1.25357142857142915,1.0214285714285719,1.0214285714285719,1374989.8,0
HYD,20140107,1.06785714285714335,1.16071428571428625,1.0214285714285719,1.16071428571428625,1019935.1,0
HYD,20140108,1.2071428571428577,1.2071428571428577,0.97500000000000045,0.97500000000000045,866411.7,0
HYD,20140109,0.97500000000000045,1.0214285714285719,0.928571428571429,0.97500000000000045,451600.7,0
HYD,20140110,0.928571428571429,0.928571428571429,0.84500000000000039,0.87285714285714326,778607.9,0
HYD,20140113,0.87285714285714326,0.87285714285714326,0.87285714285714326,0.87285714285714326,0,0
HYD,20140114,0.87285714285714326,0.87285714285714326,0.87285714285714326,0.87285714285714326,0,0
HYD,20140115,0.87285714285714326,0.87285714285714326,0.87285714285714326,0.87285714285714326,0,0
HYD,20140116,0.81714285714285752,0.97500000000000045,0.81714285714285752,0.91928571428571471,695676.7,0
HYD,20140117,0.928571428571429,1.1142857142857148,0.91000000000000042,1.0214285714285719,834207.2,0
HYD,20140120,1.06785714285714335,1.06785714285714335,1.0214285714285719,1.0214285714285719,174969,0
HYD,20140121,1.06785714285714335,1.06785714285714335,0.928571428571429,0.928571428571429,326827.5,0
HYD,20140122,0.97500000000000045,1.06785714285714335,0.928571428571429,1.0214285714285719,424400.9,0
HYD,20140123,1.0214285714285719,1.2071428571428577,1.0214285714285719,1.2071428571428577,1291730.5,0
HYD,20140124,1.1142857142857148,1.2071428571428577,1.06785714285714335,1.06785714285714335,721189,0
HYD,20140127,1.06785714285714335,1.06785714285714335,1.06785714285714335,1.06785714285714335,0,0
HYD,20140128,1.06785714285714335,1.1142857142857148,0.97500000000000045,0.97500000000000045,708399.1,0
HYD,20140129,1.0214285714285719,1.0214285714285719,0.928571428571429,0.928571428571429,337538.7,0
HYD,20140130,0.97500000000000045,0.97500000000000045,0.928571428571429,0.928571428571429,83087.6,0
HYD,20140131,0.97500000000000045,0.97500000000000045,0.84500000000000039,0.87285714285714326,970495,0
HYD,20140203,0.86357142857142897,0.88214285714285755,0.79857142857142894,0.82642857142857181,399684.4,0
HYD,20140204,0.79857142857142894,0.79857142857142894,0.75214285714285749,0.77071428571428607,400110.7,0
HYD,20140205,0.78928571428571465,0.89142857142857184,0.77071428571428607,0.82642857142857181,941526.6,0
HYD,20140206,0.84500000000000039,0.86357142857142897,0.78928571428571465,0.79857142857142894,242733,0
HYD,20140207,0.81714285714285752,0.88214285714285755,0.80785714285714323,0.84500000000000039,487261.2,0
HYD,20140210,0.8357142857142861,0.84500000000000039,0.80785714285714323,0.80785714285714323,168300.4,0
HYD,20140211,0.81714285714285752,0.82642857142857181,0.79857142857142894,0.80785714285714323,154890.5,0
HYD,20140212,0.79857142857142894,0.81714285714285752,0.77071428571428607,0.79857142857142894,183496.9,0
HYD,20140213,0.78928571428571465,0.78928571428571465,0.75214285714285749,0.76142857142857178,170925.9,0
HYD,20140214,0.78928571428571465,0.78928571428571465,0.68714285714285746,0.68714285714285746,641344.7,0
HYD,20140217,0.68714285714285746,0.68714285714285746,0.59428571428571456,0.60357142857142885,936779.8,0
HYD,20140218,0.61285714285714314,0.6500000000000003,0.57571428571428598,0.58500000000000027,460654.7,0
HYD,20140219,0.60357142857142885,0.63142857142857172,0.5571428571428574,0.56642857142857169,471352.7,0
HYD,20140220,0.56642857142857169,0.56642857142857169,0.51071428571428595,0.53857142857142882,474405.1,0
HYD,20140221,0.5571428571428574,0.58500000000000027,0.51071428571428595,0.52000000000000024,756990,0
HYD,20140224,0.51071428571428595,0.52928571428571453,0.48285714285714308,0.51071428571428595,219328.1,0
HYD,20140225,0.53857142857142882,0.75214285714285749,0.52928571428571453,0.75214285714285749,2009135.6,0
HYD,20140226,0.81714285714285752,0.86357142857142897,0.68714285714285746,0.68714285714285746,1539134,0
HYD,20140227,0.68714285714285746,0.69642857142857175,0.61285714285714314,0.65928571428571459,706627.1,0
HYD,20140228,0.66857142857142888,0.70571428571428604,0.62214285714285743,0.63142857142857172,357048.9,0
HYD,20140303,0.66857142857142888,0.66857142857142888,0.62214285714285743,0.62214285714285743,289611.3,0
HYD,20140304,0.62214285714285743,0.62214285714285743,0.59428571428571456,0.59428571428571456,162753.7,0
HYD,20140305,0.59428571428571456,0.73357142857142891,0.59428571428571456,0.70571428571428604,1104123.4,0
HYD,20140306,0.67785714285714317,0.85428571428571468,0.67785714285714317,0.80785714285714323,2697934.8,0
HYD,20140307,0.81714285714285752,0.8357142857142861,0.71500000000000033,0.71500000000000033,1387679,0
HYD,20140310,0.72428571428571462,0.7428571428571432,0.66857142857142888,0.66857142857142888,311625.8,0
HYD,20140311,0.67785714285714317,0.78000000000000036,0.66857142857142888,0.78000000000000036,590459,0
HYD,20140312,0.78000000000000036,0.81714285714285752,0.75214285714285749,0.78000000000000036,543333.4,0
HYD,20140313,0.78928571428571465,0.84500000000000039,0.76142857142857178,0.81714285714285752,927088.5,0
HYD,20140314,0.80785714285714323,0.82642857142857181,0.78000000000000036,0.79857142857142894,265877.5,0
HYD,20140317,0.79857142857142894,0.91928571428571471,0.78928571428571465,0.89142857142857184,2234063.1,0
HYD,20140318,0.91000000000000042,0.97500000000000045,0.87285714285714326,0.97500000000000045,1619485,0
HYD,20140319,0.97500000000000045,0.97500000000000045,0.84500000000000039,0.84500000000000039,1119882.4,0
HYD,20140320,0.84500000000000039,0.85428571428571468,0.76142857142857178,0.79857142857142894,907634.6,0
HYD,20140321,0.80785714285714323,0.87285714285714326,0.78928571428571465,0.8357142857142861,558487.6,0
HYD,20140324,0.86357142857142897,0.90071428571428613,0.75214285714285749,0.78000000000000036,1820417.6,0
HYD,20140325,0.78000000000000036,0.78928571428571465,0.75214285714285749,0.75214285714285749,126652.1,0
HYD,20140326,0.76142857142857178,0.76142857142857178,0.70571428571428604,0.70571428571428604,328663.7,0
HYD,20140327,0.72428571428571462,0.78928571428571465,0.70571428571428604,0.75214285714285749,200392.6,0
HYD,20140328,0.76142857142857178,0.77071428571428607,0.67785714285714317,0.67785714285714317,290573.6,0
HYD,20140331,0.69642857142857175,0.7428571428571432,0.68714285714285746,0.72428571428571462,98851.2,0
HYD,20140401,0.71500000000000033,0.71500000000000033,0.68714285714285746,0.69642857142857175,59924.1,0
HYD,20140402,0.69642857142857175,0.73357142857142891,0.66857142857142888,0.67785714285714317,112128.3,0
HYD,20140403,0.67785714285714317,0.71500000000000033,0.67785714285714317,0.69642857142857175,225297.2,0
HYD,20140404,0.69642857142857175,0.78000000000000036,0.69642857142857175,0.76142857142857178,436509.2,0
HYD,20140407,0.73357142857142891,0.73357142857142891,0.70571428571428604,0.71500000000000033,168166.6,0
HYD,20140408,0.72428571428571462,0.7428571428571432,0.70571428571428604,0.71500000000000033,237788.3,0
HYD,20140409,0.72428571428571462,0.75214285714285749,0.70571428571428604,0.70571428571428604,428367.1,0
HYD,20140410,0.72428571428571462,0.72428571428571462,0.68714285714285746,0.70571428571428604,160649.9,0
HYD,20140411,0.69642857142857175,0.70571428571428604,0.68714285714285746,0.68714285714285746,158435.2,0
HYD,20140414,0.68714285714285746,0.69642857142857175,0.67785714285714317,0.67785714285714317,85960,0
HYD,20140415,0.68714285714285746,0.70571428571428604,0.67785714285714317,0.67785714285714317,82399.2,0
HYD,20140416,0.66857142857142888,0.71500000000000033,0.66857142857142888,0.67785714285714317,193302.2,0
HYD,20140417,0.69642857142857175,0.70571428571428604,0.68714285714285746,0.70571428571428604,96900,0
HYD,20140418,0.70571428571428604,0.70571428571428604,0.70571428571428604,0.70571428571428604,0,0
HYD,20140421,0.70571428571428604,0.70571428571428604,0.70571428571428604,0.70571428571428604,0,0
HYD,20140422,0.70571428571428604,0.72428571428571462,0.68714285714285746,0.70571428571428604,11815.8,0
HYD,20140423,0.68714285714285746,0.71500000000000033,0.68714285714285746,0.68714285714285746,106850,0
HYD,20140424,0.68714285714285746,0.69642857142857175,0.66857142857142888,0.66857142857142888,44500,0
HYD,20140425,0.66857142857142888,0.66857142857142888,0.66857142857142888,0.66857142857142888,0,0
HYD,20140428,0.68714285714285746,0.68714285714285746,0.6500000000000003,0.65928571428571459,189718.4,0
HYD,20140429,0.65928571428571459,0.66857142857142888,0.6500000000000003,0.65928571428571459,121600.9,0
HYD,20140430,0.65928571428571459,0.65928571428571459,0.62214285714285743,0.64071428571428601,111109.1,0
HYD,20140501,0.64071428571428601,0.64071428571428601,0.58500000000000027,0.59428571428571456,182429.4,0
HYD,20140502,0.59428571428571456,0.60357142857142885,0.58500000000000027,0.58500000000000027,30743,0
HYD,20140505,0.58500000000000027,0.6500000000000003,0.58500000000000027,0.6500000000000003,106219.8,0
HYD,20140506,0.6500000000000003,0.67785714285714317,0.61285714285714314,0.64071428571428601,117232.2,0
HYD,20140507,0.64071428571428601,0.64071428571428601,0.61285714285714314,0.61285714285714314,63150,0
HYD,20140508,0.63142857142857172,0.68714285714285746,0.63142857142857172,0.68714285714285746,73693.2,0
HYD,20140509,0.68714285714285746,0.72428571428571462,0.66857142857142888,0.66857142857142888,262742.3,0
HYD,20140512,0.66857142857142888,0.67785714285714317,0.66857142857142888,0.66857142857142888,37978.2,0
HYD,20140513,0.67785714285714317,0.69642857142857175,0.64071428571428601,0.64071428571428601,156616.8,0
HYD,20140514,0.6500000000000003,0.66857142857142888,0.64071428571428601,0.64071428571428601,66402.6,0
HYD,20140515,0.64071428571428601,0.64071428571428601,0.61285714285714314,0.62214285714285743,76005.3,0
HYD,20140516,0.62214285714285743,0.62214285714285743,0.58500000000000027,0.59428571428571456,19206.2,0
HYD,20140519,0.60357142857142885,0.60357142857142885,0.56642857142857169,0.56642857142857169,97240,0
HYD,20140520,0.56642857142857169,0.58500000000000027,0.56642857142857169,0.57571428571428598,34218.6,0
HYD,20140521,0.58500000000000027,0.60357142857142885,0.57571428571428598,0.60357142857142885,77842.3,0
HYD,20140522,0.59428571428571456,0.59428571428571456,0.56642857142857169,0.57571428571428598,13227.7,0
HYD,20140523,0.57571428571428598,0.59428571428571456,0.56642857142857169,0.56642857142857169,38012.5,0
HYD,20140526,0.56642857142857169,0.56642857142857169,0.5571428571428574,0.5571428571428574,20706.3,0
HYD,20140527,0.56642857142857169,0.60357142857142885,0.56642857142857169,0.57571428571428598,71599.4,0
HYD,20140528,0.58500000000000027,0.58500000000000027,0.57571428571428598,0.57571428571428598,38250,0
HYD,20140529,0.56642857142857169,0.56642857142857169,0.52000000000000024,0.52000000000000024,112761.6,0
HYD,20140530,0.52928571428571453,0.52928571428571453,0.51071428571428595,0.52000000000000024,67950,0
HYD,20140602,0.51071428571428595,0.51071428571428595,0.47357142857142879,0.48285714285714308,162464.9,0
HYD,20140603,0.48285714285714308,0.48285714285714308,0.4642857142857145,0.47357142857142879,99704.2,0
HYD,20140604,0.4642857142857145,0.4642857142857145,0.44571428571428592,0.45500000000000021,268517.2,0
HYD,20140605,0.45500000000000021,0.48285714285714308,0.45500000000000021,0.45500000000000021,119239.1,0
HYD,20140606,0.4642857142857145,0.50142857142857166,0.4642857142857145,0.50142857142857166,168023.4,0
HYD,20140609,0.50142857142857166,0.50142857142857166,0.50142857142857166,0.50142857142857166,0,0
HYD,20140610,0.53857142857142882,0.5571428571428574,0.52000000000000024,0.54785714285714311,78238.3,0
HYD,20140611,0.53857142857142882,0.54785714285714311,0.52000000000000024,0.52928571428571453,47487.2,0
HYD,20140612,0.53857142857142882,0.53857142857142882,0.50142857142857166,0.52928571428571453,64672.9,0
HYD,20140613,0.48285714285714308,0.51071428571428595,0.4642857142857145,0.4642857142857145,84278.7,0
HYD,20140616,0.48285714285714308,0.48285714285714308,0.4642857142857145,0.4642857142857145,55808.2,0
HYD,20140617,0.4642857142857145,0.50142857142857166,0.4642857142857145,0.50142857142857166,43200,0
HYD,20140618,0.4642857142857145,0.48285714285714308,0.4642857142857145,0.47357142857142879,20050,0
HYD,20140619,0.48285714285714308,0.48285714285714308,0.48285714285714308,0.48285714285714308,17260,0
HYD,20140620,0.48285714285714308,0.48285714285714308,0.47357142857142879,0.47357142857142879,44216.6,0
HYD,20140623,0.47357142857142879,0.48285714285714308,0.4642857142857145,0.4642857142857145,76541.9,0
HYD,20140624,0.47357142857142879,0.47357142857142879,0.47357142857142879,0.47357142857142879,25514.3,0
HYD,20140625,0.47357142857142879,0.47357142857142879,0.45500000000000021,0.45500000000000021,105034.5,0
HYD,20140626,0.45500000000000021,0.45500000000000021,0.44571428571428592,0.44571428571428592,38000.1,0
HYD,20140627,0.47357142857142879,0.48285714285714308,0.44571428571428592,0.44571428571428592,31706.8,0
HYD,20140630,0.45500000000000021,0.45500000000000021,0.44571428571428592,0.45500000000000021,31776.1,0
HYD,20140701,0.45500000000000021,0.45500000000000021,0.44571428571428592,0.44571428571428592,30560,0
HYD,20140702,0.45500000000000021,0.4642857142857145,0.45500000000000021,0.4642857142857145,48250,0
HYD,20140703,0.47357142857142879,0.48285714285714308,0.4642857142857145,0.4642857142857145,67246.2,0
HYD,20140704,0.45500000000000021,0.4642857142857145,0.45500000000000021,0.4642857142857145,35805.8,0
HYD,20140707,0.45500000000000021,0.4642857142857145,0.45500000000000021,0.4642857142857145,33600,0
HYD,20140708,0.45500000000000021,0.45500000000000021,0.44571428571428592,0.44571428571428592,69634.2,0
HYD,20140709,0.45500000000000021,0.45500000000000021,0.45500000000000021,0.45500000000000021,3800,0
HYD,20140710,0.41785714285714305,0.44571428571428592,0.41785714285714305,0.43642857142857163,25334.8,0
HYD,20140711,0.43642857142857163,0.45500000000000021,0.41785714285714305,0.45500000000000021,31066.1,0
HYD,20140714,0.47357142857142879,0.47357142857142879,0.45500000000000021,0.45500000000000021,17000,0
HYD,20140715,0.45500000000000021,0.4642857142857145,0.41785714285714305,0.43642857142857163,87520,0
HYD,20140716,0.44571428571428592,0.44571428571428592,0.43642857142857163,0.43642857142857163,26200,0
HYD,20140717,0.41785714285714305,0.43642857142857163,0.40857142857142876,0.40857142857142876,48855.3,0
HYD,20140718,0.40857142857142876,0.41785714285714305,0.39000000000000018,0.41785714285714305,89177.9,0
HYD,20140721,0.41785714285714305,0.41785714285714305,0.39928571428571447,0.39928571428571447,36549.6,0
HYD,20140722,0.38071428571428589,0.38071428571428589,0.3714285714285716,0.38071428571428589,51353.8,0
HYD,20140723,0.38071428571428589,0.41785714285714305,0.38071428571428589,0.41785714285714305,65486.9,0
HYD,20140724,0.41785714285714305,0.42714285714285734,0.39928571428571447,0.39928571428571447,43800,0
HYD,20140725,0.39928571428571447,0.39928571428571447,0.38071428571428589,0.38071428571428589,23700,0
HYD,20140728,0.38071428571428589,0.42714285714285734,0.38071428571428589,0.42714285714285734,86912.4,0
HYD,20140729,0.41785714285714305,0.41785714285714305,0.39000000000000018,0.39000000000000018,66458.1,0
HYD,20140730,0.39928571428571447,0.42714285714285734,0.39928571428571447,0.42714285714285734,50956.6,0
HYD,20140731,0.64071428571428601,1.06785714285714335,0.59428571428571456,1.06785714285714335,5420636.9,0
HYD,20140801,1.0214285714285719,1.06785714285714335,0.91000000000000042,1.06785714285714335,1942717.7,0
HYD,20140804,1.0214285714285719,1.06785714285714335,0.87285714285714326,0.87285714285714326,851485.2,0
HYD,20140805,0.89142857142857184,0.97500000000000045,0.87285714285714326,0.88214285714285755,878055.4,0
HYD,20140806,0.86357142857142897,0.97500000000000045,0.8357142857142861,0.97500000000000045,1338741.9,0
HYD,20140807,0.97500000000000045,0.97500000000000045,0.89142857142857184,0.89142857142857184,580907.2,0
HYD,20140808,0.91000000000000042,0.928571428571429,0.84500000000000039,0.84500000000000039,350258.7,0
HYD,20140811,0.88214285714285755,0.928571428571429,0.87285714285714326,0.89142857142857184,900525.6,0
HYD,20140812,0.928571428571429,0.99357142857142903,0.90071428571428613,0.97500000000000045,714422.1,0
HYD,20140813,1.0214285714285719,1.0214285714285719,0.89142857142857184,0.928571428571429,654786.2,0
HYD,20140814,0.91000000000000042,1.0214285714285719,0.90071428571428613,1.0214285714285719,762832.4,0
HYD,20140815,1.16071428571428625,1.3000000000000006,1.16071428571428625,1.3000000000000006,1547299.1,0
HYD,20140818,1.34642857142857205,1.43928571428571495,1.16071428571428625,1.2071428571428577,1242309.8,0
HYD,20140819,1.2071428571428577,1.3000000000000006,1.16071428571428625,1.25357142857142915,296184.6,0
HYD,20140820,1.3000000000000006,1.3000000000000006,1.17928571428571483,1.2071428571428577,278927.9,0
HYD,20140821,1.2071428571428577,1.2071428571428577,1.16071428571428625,1.2071428571428577,278255.9,0
HYD,20140822,1.2071428571428577,1.25357142857142915,1.16071428571428625,1.16071428571428625,171550.1,0
HYD,20140825,1.2071428571428577,1.53214285714285785,1.2071428571428577,1.53214285714285785,1336516.5,0
HYD,20140826,1.6714285714285722,2.18214285714285815,1.53214285714285785,2.18214285714285815,2219170.7,0
HYD,20140827,2.0428571428571438,2.83214285714285845,1.99642857142857235,2.55357142857142975,2859365.4,0
HYD,20140828,2.6928571428571441,2.6928571428571441,2.08928571428571525,2.2285714285714296,1538243.9,0
HYD,20140829,2.2285714285714296,2.46071428571428685,2.08928571428571525,2.18214285714285815,868421.1,0
HYD,20140901,2.2285714285714296,2.3214285714285725,2.08928571428571525,2.08928571428571525,325951.9,0
HYD,20140902,2.1357142857142867,2.3214285714285725,2.1357142857142867,2.1357142857142867,370777.6,0
HYD,20140903,2.18214285714285815,2.55357142857142975,2.18214285714285815,2.55357142857142975,519022.5,0
HYD,20140904,2.6928571428571441,4.13214285714285905,2.6000000000000012,3.8071428571428589,5464578,0
HYD,20140905,3.9928571428571447,4.03928571428571615,3.57500000000000165,3.714285714285716,1924289.8,0
HYD,20140908,3.76071428571428745,4.7357142857142879,3.714285714285716,4.2714285714285734,2767637.8,0
HYD,20140909,4.2714285714285734,4.78214285714285935,4.0857142857142876,4.31785714285714485,1599673.6,0
HYD,20140910,4.31785714285714485,4.31785714285714485,4.31785714285714485,4.31785714285714485,0,0
HYD,20140911,4.31785714285714485,4.31785714285714485,4.31785714285714485,4.31785714285714485,0,0
HYD,20140912,3.94642857142857325,5.06071428571428805,3.714285714285716,4.87500000000000225,2585754.2,0
HYD,20140915,4.5500000000000021,4.7357142857142879,3.85357142857143035,3.85357142857143035,2145472.7,0
HYD,20140916,3.76071428571428745,3.85357142857143035,3.38928571428571585,3.6214285714285731,1661498,0
HYD,20140917,3.76071428571428745,3.9000000000000018,3.3428571428571444,3.4357142857142873,1070584.4,0
HYD,20140918,3.38928571428571585,3.4357142857142873,3.17571428571428718,3.2500000000000015,1175687,0
HYD,20140919,3.29642857142857295,3.66785714285714455,3.20357142857143005,3.5285714285714302,1584414.7,0
HYD,20140922,3.6214285714285731,3.66785714285714455,3.29642857142857295,3.29642857142857295,540762.1,0
HYD,20140923,3.2500000000000015,3.4357142857142873,3.2500000000000015,3.3428571428571444,297712.9,0
HYD,20140924,3.3428571428571444,3.4357142857142873,3.01785714285714425,3.0642857142857157,588817.6,0
HYD,20140925,3.0642857142857157,3.11071428571428715,2.73928571428571555,3.01785714285714425,909047.1,0
HYD,20140926,2.83214285714285845,3.1571428571428586,2.73928571428571555,2.785714285714287,908443.9,0
HYD,20140929,2.92500000000000135,2.9714285714285728,2.36785714285714395,2.36785714285714395,773840.4,0
HYD,20140930,2.4142857142857154,2.785714285714287,2.36785714285714395,2.5071428571428583,793317.5,0
HYD,20141001,2.55357142857142975,3.5285714285714302,2.55357142857142975,3.5285714285714302,1592724.4,0
HYD,20141002,3.4357142857142873,3.48214285714285875,3.1571428571428586,3.2500000000000015,1065098.4,0
HYD,20141003,3.2500000000000015,3.87214285714285893,3.20357142857143005,3.76071428571428745,1709815.5,0
HYD,20141006,3.8071428571428589,4.0857142857142876,3.5285714285714302,3.57500000000000165,1098982.4,0
HYD,20141007,3.76071428571428745,3.94642857142857325,3.57500000000000165,3.85357142857143035,880771.8,0
HYD,20141008,3.57500000000000165,3.714285714285716,3.4357142857142873,3.48214285714285875,492794.9,0
HYD,20141009,3.57500000000000165,3.714285714285716,3.1571428571428586,3.3428571428571444,487950.1,0
HYD,20141010,3.20357142857143005,3.26857142857143008,2.9714285714285728,3.11071428571428715,262715.1,0
HYD,20141013,2.9714285714285728,3.3428571428571444,2.9714285714285728,2.9714285714285728,479726.3,0
HYD,20141014,3.01785714285714425,3.0642857142857157,2.8785714285714299,2.9714285714285728,307377,0
HYD,20141015,3.0642857142857157,3.29642857142857295,3.01785714285714425,3.29642857142857295,546088.5,0
HYD,20141016,3.20357142857143005,3.3428571428571444,3.0642857142857157,3.0642857142857157,481695.9,0
HYD,20141017,3.11071428571428715,3.2500000000000015,3.08285714285714428,3.11071428571428715,223162.5,0
HYD,20141020,3.2500000000000015,3.66785714285714455,3.1571428571428586,3.66785714285714455,980360.4,0
HYD,20141021,3.57500000000000165,3.6214285714285731,3.3428571428571444,3.48214285714285875,460411,0
HYD,20141022,3.6214285714285731,3.9000000000000018,3.5285714285714302,3.57500000000000165,942693.1,0
HYD,20141023,3.5285714285714302,3.57500000000000165,3.4357142857142873,3.4357142857142873,173102.6,0
HYD,20141024,3.5285714285714302,3.5285714285714302,3.29642857142857295,3.29642857142857295,227992.7,0
HYD,20141027,3.3428571428571444,3.38928571428571585,3.20357142857143005,3.29642857142857295,118821.9,0
HYD,20141028,3.29642857142857295,3.29642857142857295,3.1571428571428586,3.2500000000000015,139580.5,0
HYD,20141029,3.2500000000000015,3.3428571428571444,3.20357142857143005,3.20357142857143005,143530.8,0
HYD,20141030,3.29642857142857295,3.3428571428571444,3.2500000000000015,3.3428571428571444,203313.8,0
HYD,20141031,3.4357142857142873,3.48214285714285875,3.20357142857143005,3.2500000000000015,182450.3,0
HYD,20141103,3.2500000000000015,3.29642857142857295,3.1571428571428586,3.20357142857143005,156621,0
HYD,20141104,3.2500000000000015,3.2500000000000015,3.20357142857143005,3.20357142857143005,47230.6,0
HYD,20141105,3.1571428571428586,3.2500000000000015,3.01785714285714425,3.0642857142857157,155298,0
HYD,20141106,3.0642857142857157,3.0642857142857157,2.92500000000000135,2.92500000000000135,104120.3,0
HYD,20141107,2.92500000000000135,3.714285714285716,2.83214285714285845,3.38928571428571585,979604.8,0
HYD,20141110,3.3428571428571444,3.3428571428571444,3.0642857142857157,3.0642857142857157,231196.8,0
HYD,20141111,3.0642857142857157,3.1571428571428586,3.0642857142857157,3.11071428571428715,62936,0
HYD,20141112,3.1571428571428586,3.38928571428571585,3.1571428571428586,3.3428571428571444,227418.7,0
HYD,20141113,3.38928571428571585,3.6214285714285731,3.2500000000000015,3.2500000000000015,377274.9,0
HYD,20141114,3.29642857142857295,3.3428571428571444,3.20357142857143005,3.20357142857143005,130562.7,0
HYD,20141117,3.2500000000000015,3.2500000000000015,3.11071428571428715,3.1571428571428586,155348.2,0
HYD,20141118,3.11071428571428715,3.3428571428571444,3.11071428571428715,3.11071428571428715,166650.2,0
HYD,20141119,3.1571428571428586,3.20357142857143005,3.11071428571428715,3.11071428571428715,70496.5,0
HYD,20141120,3.1571428571428586,3.1571428571428586,3.11071428571428715,3.11071428571428715,48209.3,0
HYD,20141121,3.1571428571428586,3.29642857142857295,3.11071428571428715,3.1571428571428586,124836.2,0
HYD,20141124,3.20357142857143005,3.20357142857143005,3.11071428571428715,3.1571428571428586,56863.2,0
HYD,20141125,3.20357142857143005,3.20357142857143005,3.11071428571428715,3.1571428571428586,119082.2,0
HYD,20141126,3.20357142857143005,3.2500000000000015,3.20357142857143005,3.2500000000000015,68578.6,0
HYD,20141127,3.2500000000000015,3.5285714285714302,3.20357142857143005,3.29642857142857295,285161.2,0
HYD,20141128,3.3428571428571444,3.57500000000000165,3.3428571428571444,3.57500000000000165,237698.9,0
HYD,20141201,3.85357142857143035,3.94642857142857325,3.5285714285714302,3.5285714285714302,602601.5,0
HYD,20141202,3.5285714285714302,3.57500000000000165,3.29642857142857295,3.29642857142857295,303092.6,0
HYD,20141203,3.38928571428571585,3.38928571428571585,3.20357142857143005,3.2500000000000015,104474.4,0
HYD,20141204,3.29642857142857295,3.29642857142857295,2.9714285714285728,3.01785714285714425,353810.7,0
HYD,20141205,3.0642857142857157,3.0642857142857157,2.64642857142857265,2.92500000000000135,301279.6,0
HYD,20141208,2.8785714285714299,3.01785714285714425,2.83214285714285845,2.8785714285714299,218648.8,0
HYD,20141209,2.92500000000000135,2.92500000000000135,2.8785714285714299,2.8785714285714299,28456.2,0
HYD,20141210,2.8785714285714299,3.0642857142857157,2.8785714285714299,2.92500000000000135,146735.1,0
HYD,20141211,2.83214285714285845,2.83214285714285845,2.4142857142857154,2.55357142857142975,321348.9,0
HYD,20141212,2.46071428571428685,2.46071428571428685,2.1357142857142867,2.27500000000000105,341739.9,0
HYD,20141215,2.18214285714285815,2.18214285714285815,1.81071428571428655,1.90357142857142945,437228.8,0
HYD,20141216,1.9500000000000009,2.08928571428571525,1.9500000000000009,2.08928571428571525,336851.7,0
HYD,20141217,2.1357142857142867,2.55357142857142975,2.1357142857142867,2.5071428571428583,427687.1,0
HYD,20141218,2.5071428571428583,2.5071428571428583,2.3214285714285725,2.36785714285714395,125586.9,0
HYD,20141219,2.46071428571428685,2.5071428571428583,2.36785714285714395,2.46071428571428685,144321.5,0
HYD,20141222,2.5071428571428583,2.5071428571428583,2.27500000000000105,2.3214285714285725,71566.8,0
HYD,20141223,2.3214285714285725,2.3214285714285725,2.18214285714285815,2.2285714285714296,62695.8,0
HYD,20141224,2.2285714285714296,2.36785714285714395,2.2285714285714296,2.3214285714285725,41935.6,0
HYD,20141225,2.3214285714285725,2.3214285714285725,2.3214285714285725,2.3214285714285725,0,0
HYD,20141226,2.3214285714285725,2.3214285714285725,2.3214285714285725,2.3214285714285725,0,0
HYD,20141229,2.36785714285714395,2.38642857142857253,2.27500000000000105,2.3214285714285725,47939.4,0
HYD,20141230,2.34000000000000108,2.36785714285714395,2.2285714285714296,2.27500000000000105,46396.6,0
HYD,20141231,2.3214285714285725,2.3214285714285725,2.2285714285714296,2.2285714285714296,49293.1,0
HYD,20150101,2.2285714285714296,2.2285714285714296,2.2285714285714296,2.2285714285714296,0,0
HYD,20150102,2.3214285714285725,2.55357142857142975,2.27500000000000105,2.4142857142857154,196795.8,0
HYD,20150105,2.5071428571428583,3.01785714285714425,2.46071428571428685,3.01785714285714425,528280.6,0
HYD,20150106,2.8785714285714299,2.8785714285714299,2.64642857142857265,2.64642857142857265,351549.6,0
HYD,20150107,2.64642857142857265,2.9714285714285728,2.6000000000000012,2.785714285714287,123968.5,0
HYD,20150108,2.785714285714287,3.11071428571428715,2.785714285714287,2.8785714285714299,203327.7,0
HYD,20150109,2.9714285714285728,3.01785714285714425,2.6928571428571441,2.73928571428571555,125920.5,0
HYD,20150112,2.83214285714285845,2.83214285714285845,2.6928571428571441,2.6928571428571441,43856.5,0
HYD,20150113,2.785714285714287,3.01785714285714425,2.75785714285714413,2.92500000000000135,223608.6,0
HYD,20150114,2.8785714285714299,2.8785714285714299,2.785714285714287,2.8785714285714299,78189,0
HYD,20150115,2.8785714285714299,2.92500000000000135,2.73928571428571555,2.73928571428571555,61802.7,0
HYD,20150116,2.73928571428571555,2.83214285714285845,2.64642857142857265,2.6928571428571441,66521.7,0
HYD,20150119,2.785714285714287,2.83214285714285845,2.73928571428571555,2.785714285714287,45840.2,0
HYD,20150120,2.73928571428571555,2.785714285714287,2.6928571428571441,2.6928571428571441,57193.6,0
HYD,20150121,2.73928571428571555,2.785714285714287,2.6928571428571441,2.6928571428571441,63221.9,0
HYD,20150122,2.73928571428571555,2.73928571428571555,2.64642857142857265,2.64642857142857265,33247.8,0
HYD,20150123,2.73928571428571555,2.9714285714285728,2.73928571428571555,2.9714285714285728,278884.1,0
HYD,20150126,2.9714285714285728,2.9714285714285728,2.9714285714285728,2.9714285714285728,0,0
HYD,20150127,2.9714285714285728,3.01785714285714425,2.785714285714287,2.785714285714287,279798.6,0
HYD,20150128,2.83214285714285845,2.92500000000000135,2.785714285714287,2.83214285714285845,97266.5,0
HYD,20150129,2.83214285714285845,2.8785714285714299,2.83214285714285845,2.83214285714285845,45211.6,0
HYD,20150130,2.8785714285714299,3.1571428571428586,2.785714285714287,2.83214285714285845,363842.7,0
HYD,20150202,2.83214285714285845,2.83214285714285845,2.64642857142857265,2.64642857142857265,255746.7,0
HYD,20150203,2.6928571428571441,2.83214285714285845,2.6928571428571441,2.785714285714287,68836.3,0
HYD,20150204,2.785714285714287,2.785714285714287,2.6928571428571441,2.73928571428571555,53468.2,0
HYD,20150205,2.785714285714287,2.785714285714287,2.6928571428571441,2.6928571428571441,37291.9,0
HYD,20150206,2.6928571428571441,2.73928571428571555,2.6928571428571441,2.73928571428571555,79986.5,0
HYD,20150209,2.73928571428571555,2.73928571428571555,2.6928571428571441,2.6928571428571441,33311.8,0
HYD,20150210,2.6928571428571441,2.6928571428571441,2.6000000000000012,2.64642857142857265,96762.4,0
HYD,20150211,2.64642857142857265,2.64642857142857265,2.5071428571428583,2.5071428571428583,61728.9,0
HYD,20150212,2.5071428571428583,2.6000000000000012,2.46071428571428685,2.5071428571428583,28407.7,0
HYD,20150213,2.5071428571428583,2.6000000000000012,2.46071428571428685,2.55357142857142975,26602.5,0
HYD,20150216,2.55357142857142975,2.6000000000000012,2.3214285714285725,2.46071428571428685,106365.1,0
HYD,20150217,2.43285714285714398,2.46071428571428685,2.4142857142857154,2.4142857142857154,41704.8,0
HYD,20150218,2.4142857142857154,2.64642857142857265,2.36785714285714395,2.64642857142857265,100402.1,0
HYD,20150219,2.6928571428571441,2.6928571428571441,2.6000000000000012,2.6000000000000012,69311,0
HYD,20150220,2.6000000000000012,2.6000000000000012,2.46071428571428685,2.5071428571428583,42715.8,0
HYD,20150223,2.5071428571428583,2.5071428571428583,2.46071428571428685,2.46071428571428685,20981.8,0
HYD,20150224,2.46071428571428685,2.5071428571428583,2.4142857142857154,2.4142857142857154,14067.3,0
HYD,20150225,2.46071428571428685,2.6000000000000012,2.46071428571428685,2.55357142857142975,28116.2,0
HYD,20150226,2.6000000000000012,2.6000000000000012,2.4142857142857154,2.46071428571428685,72810.8,0
HYD,20150227,2.46071428571428685,2.64642857142857265,2.46071428571428685,2.55357142857142975,90454.6,0
HYD,20150302,2.6000000000000012,2.6000000000000012,2.4142857142857154,2.4142857142857154,102039.5,0
HYD,20150303,2.46071428571428685,2.46071428571428685,2.27500000000000105,2.4142857142857154,111569.6,0
HYD,20150304,2.36785714285714395,2.36785714285714395,2.27500000000000105,2.27500000000000105,25022,0
HYD,20150305,2.3214285714285725,2.36785714285714395,2.27500000000000105,2.3214285714285725,27107.1,0
HYD,20150306,2.3214285714285725,2.36785714285714395,2.27500000000000105,2.3214285714285725,14696.7,0
HYD,20150309,2.3214285714285725,2.36785714285714395,2.27500000000000105,2.3214285714285725,34942,0
HYD,20150310,2.36785714285714395,2.36785714285714395,2.3214285714285725,2.3214285714285725,40132.3,0
HYD,20150311,2.27500000000000105,2.36785714285714395,2.1357142857142867,2.27500000000000105,49644.9,0
HYD,20150312,2.36785714285714395,2.4142857142857154,2.3214285714285725,2.3214285714285725,59277.8,0
HYD,20150313,2.29357142857142963,2.55357142857142975,2.29357142857142963,2.3214285714285725,301990.5,0
HYD,20150316,2.3214285714285725,2.3214285714285725,2.27500000000000105,2.27500000000000105,36158,0
HYD,20150317,2.27500000000000105,2.36785714285714395,2.2285714285714296,2.2285714285714296,45022.5,0
HYD,20150318,2.2285714285714296,2.2285714285714296,2.08928571428571525,2.08928571428571525,68207.6,0
HYD,20150319,2.1357142857142867,2.18214285714285815,1.90357142857142945,1.9500000000000009,100166,0
HYD,20150320,1.99642857142857235,2.08928571428571525,1.9500000000000009,1.99642857142857235,52126.9,0
HYD,20150323,1.99642857142857235,2.08928571428571525,1.90357142857142945,1.90357142857142945,72835.4,0
HYD,20150324,1.9500000000000009,1.99642857142857235,1.90357142857142945,1.9500000000000009,44059,0
HYD,20150325,1.99642857142857235,2.08928571428571525,1.90357142857142945,2.0428571428571438,42336.2,0
HYD,20150326,2.0428571428571438,2.0428571428571438,1.9500000000000009,2.0428571428571438,38761.4,0
HYD,20150327,2.0428571428571438,2.08928571428571525,1.99642857142857235,2.0428571428571438,35859.9,0
HYD,20150330,1.99642857142857235,1.99642857142857235,1.90357142857142945,1.9500000000000009,65334.5,0
HYD,20150331,2.08928571428571525,2.2285714285714296,1.90357142857142945,1.90357142857142945,248424.6,0
HYD,20150401,1.90357142857142945,1.90357142857142945,1.53214285714285785,1.5785714285714293,314050.9,0
HYD,20150402,1.81071428571428655,1.99642857142857235,1.71785714285714365,1.7642857142857151,397586.9,0
HYD,20150403,1.7642857142857151,1.7642857142857151,1.7642857142857151,1.7642857142857151,0,0
HYD,20150406,1.7642857142857151,1.7642857142857151,1.7642857142857151,1.7642857142857151,0,0
HYD,20150407,1.7642857142857151,1.9500000000000009,1.7642857142857151,1.857142857142858,76857.6,0
HYD,20150408,1.90357142857142945,1.90357142857142945,1.81071428571428655,1.81071428571428655,53379.6,0
HYD,20150409,1.90357142857142945,1.90357142857142945,1.71785714285714365,1.71785714285714365,43441.5,0
HYD,20150410,1.71785714285714365,1.81071428571428655,1.62500000000000075,1.81071428571428655,156952.5,0
HYD,20150413,1.7642857142857151,1.7642857142857151,1.6714285714285722,1.71785714285714365,29018.5,0
HYD,20150414,1.71785714285714365,1.71785714285714365,1.6714285714285722,1.6714285714285722,45513.4,0
HYD,20150415,1.6714285714285722,1.6714285714285722,1.62500000000000075,1.62500000000000075,43308,0
HYD,20150416,1.62500000000000075,1.71785714285714365,1.62500000000000075,1.6714285714285722,26453,0
HYD,20150417,1.71785714285714365,2.0428571428571438,1.71785714285714365,1.99642857142857235,224243.5,0
HYD,20150420,2.1357142857142867,2.36785714285714395,2.0428571428571438,2.18214285714285815,426659.2,0
HYD,20150421,2.36785714285714395,2.785714285714287,2.2285714285714296,2.27500000000000105,888259.7,0
HYD,20150422,2.2285714285714296,2.3214285714285725,2.08928571428571525,2.1357142857142867,107299,0
HYD,20150423,2.1357142857142867,2.1357142857142867,1.99642857142857235,2.08928571428571525,143147,0
HYD,20150424,1.99642857142857235,2.0428571428571438,1.9500000000000009,2.0428571428571438,161988.1,0
HYD,20150427,1.99642857142857235,1.99642857142857235,1.7642857142857151,1.7642857142857151,269954.5,0
HYD,20150428,1.81071428571428655,1.81071428571428655,1.71785714285714365,1.7642857142857151,67893.8,0
HYD,20150429,1.7642857142857151,1.90357142857142945,1.7642857142857151,1.857142857142858,78881.7,0
HYD,20150430,1.857142857142858,1.857142857142858,1.7642857142857151,1.857142857142858,60278.9,0
HYD,20150501,1.857142857142858,1.9500000000000009,1.81071428571428655,1.857142857142858,119758.6,0
HYD,20150504,1.857142857142858,1.90357142857142945,1.857142857142858,1.857142857142858,47059.8,0
HYD,20150505,1.857142857142858,1.857142857142858,1.81071428571428655,1.81071428571428655,22473.7,0
HYD,20150506,1.7642857142857151,1.81071428571428655,1.71785714285714365,1.71785714285714365,112667.6,0
HYD,20150507,1.71785714285714365,1.71785714285714365,1.62500000000000075,1.6714285714285722,140841.4,0
HYD,20150508,1.71785714285714365,1.71785714285714365,1.64357142857142933,1.6714285714285722,69388.8,0
HYD,20150511,1.6714285714285722,1.69000000000000078,1.62500000000000075,1.62500000000000075,49995.5,0
HYD,20150512,1.62500000000000075,1.62500000000000075,1.5785714285714293,1.5785714285714293,103592,0
HYD,20150513,1.5785714285714293,1.62500000000000075,1.5785714285714293,1.5785714285714293,63514.4,0
HYD,20150514,1.5785714285714293,1.9500000000000009,1.4857142857142864,1.7642857142857151,1344291.4,0
HYD,20150515,1.71785714285714365,1.71785714285714365,1.53214285714285785,1.5785714285714293,296379.8,0
HYD,20150518,1.5785714285714293,1.62500000000000075,1.53214285714285785,1.62500000000000075,114567.3,0
HYD,20150519,1.6714285714285722,1.7642857142857151,1.62500000000000075,1.62500000000000075,394233.2,0
HYD,20150520,1.62500000000000075,1.62500000000000075,1.53214285714285785,1.53214285714285785,108286.4,0
HYD,20150521,1.53214285714285785,1.5785714285714293,1.53214285714285785,1.53214285714285785,100645.3,0
HYD,20150522,1.5785714285714293,1.5785714285714293,1.4857142857142864,1.53214285714285785,150807.9,0
HYD,20150525,1.53214285714285785,1.53214285714285785,1.43928571428571495,1.43928571428571495,46514.6,0
HYD,20150526,1.43928571428571495,1.53214285714285785,1.43928571428571495,1.43928571428571495,118718.2,0
HYD,20150527,1.4857142857142864,1.4857142857142864,1.3000000000000006,1.34642857142857205,230987.4,0
HYD,20150528,1.3928571428571435,1.43928571428571495,1.34642857142857205,1.34642857142857205,46702.3,0
HYD,20150529,1.3928571428571435,1.4857142857142864,1.3928571428571435,1.3928571428571435,95659.2,0
HYD,20150601,1.3928571428571435,1.43928571428571495,1.34642857142857205,1.3928571428571435,44629.5,0
HYD,20150602,1.3928571428571435,1.3928571428571435,1.34642857142857205,1.34642857142857205,29942.2,0
HYD,20150603,1.3928571428571435,1.3928571428571435,1.34642857142857205,1.34642857142857205,53209,0
HYD,20150604,1.3928571428571435,1.3928571428571435,1.34642857142857205,1.34642857142857205,23944.1,0
HYD,20150605,1.34642857142857205,1.34642857142857205,1.3000000000000006,1.3000000000000006,59531,0
HYD,20150608,1.3000000000000006,1.3000000000000006,1.3000000000000006,1.3000000000000006,0,0
HYD,20150609,1.3000000000000006,1.3000000000000006,1.25357142857142915,1.25357142857142915,39221.6,0
HYD,20150610,1.3000000000000006,1.3000000000000006,1.25357142857142915,1.3000000000000006,71682.8,0
HYD,20150611,1.3000000000000006,1.4857142857142864,1.3000000000000006,1.43928571428571495,214994.5,0
HYD,20150612,1.4857142857142864,1.62500000000000075,1.3928571428571435,1.3928571428571435,253297.6,0
HYD,20150615,1.43928571428571495,1.43928571428571495,1.34642857142857205,1.34642857142857205,84875,0
HYD,20150616,1.34642857142857205,1.3928571428571435,1.34642857142857205,1.3928571428571435,55672.4,0
HYD,20150617,1.3928571428571435,1.43928571428571495,1.34642857142857205,1.34642857142857205,21285.8,0
HYD,20150618,1.34642857142857205,1.3928571428571435,1.34642857142857205,1.34642857142857205,40622.5,0
HYD,20150619,1.3000000000000006,1.34642857142857205,1.25357142857142915,1.3000000000000006,83185.9,0
HYD,20150622,1.3000000000000006,1.3000000000000006,1.25357142857142915,1.3000000000000006,53792.8,0
HYD,20150623,1.3000000000000006,1.3000000000000006,1.25357142857142915,1.25357142857142915,38693.2,0
HYD,20150624,1.25357142857142915,1.3000000000000006,1.25357142857142915,1.3000000000000006,66977.4,0
HYD,20150625,1.25357142857142915,1.3000000000000006,1.25357142857142915,1.25357142857142915,43498,0
HYD,20150626,1.25357142857142915,1.3000000000000006,1.2071428571428577,1.25357142857142915,46064.4,0
HYD,20150629,1.25357142857142915,1.3000000000000006,1.2071428571428577,1.2071428571428577,49536,0
HYD,20150630,1.2071428571428577,1.25357142857142915,1.16071428571428625,1.2071428571428577,92608,0
HYD,20150701,1.16071428571428625,1.3000000000000006,1.16071428571428625,1.25357142857142915,67395.6,0
HYD,20150702,1.2071428571428577,1.2071428571428577,1.06785714285714335,1.1142857142857148,190567.1,0
HYD,20150703,1.16071428571428625,1.16071428571428625,1.1142857142857148,1.16071428571428625,47425.4,0
HYD,20150706,1.1142857142857148,1.1142857142857148,1.06785714285714335,1.06785714285714335,77337.9,0
HYD,20150707,1.06785714285714335,1.3000000000000006,0.97500000000000045,1.25357142857142915,515707.5,0
HYD,20150708,1.3000000000000006,1.3000000000000006,1.16071428571428625,1.16071428571428625,115797.8,0
HYD,20150709,1.16071428571428625,1.16071428571428625,1.06785714285714335,1.1142857142857148,105477.4,0
HYD,20150710,1.1142857142857148,1.1142857142857148,1.06785714285714335,1.06785714285714335,71648.1,0
HYD,20150713,1.06785714285714335,1.2071428571428577,1.06785714285714335,1.2071428571428577,118815.9,0
HYD,20150714,1.2071428571428577,1.25357142857142915,1.16071428571428625,1.16071428571428625,43649.3,0
HYD,20150715,1.2071428571428577,1.3928571428571435,1.2071428571428577,1.3928571428571435,108139.4,0
HYD,20150716,1.34642857142857205,1.4857142857142864,1.34642857142857205,1.34642857142857205,218110.8,0
HYD,20150717,1.34642857142857205,1.3928571428571435,1.3000000000000006,1.3000000000000006,34223.5,0
HYD,20150720,1.34642857142857205,1.34642857142857205,1.3000000000000006,1.34642857142857205,22666.6,0
HYD,20150721,1.34642857142857205,1.34642857142857205,1.34642857142857205,1.34642857142857205,16588.1,0
HYD,20150722,1.34642857142857205,1.34642857142857205,1.3000000000000006,1.34642857142857205,41149.2,0
HYD,20150723,1.34642857142857205,1.34642857142857205,1.3000000000000006,1.3000000000000006,31773.5,0
HYD,20150724,1.25357142857142915,1.3000000000000006,1.25357142857142915,1.25357142857142915,9790.4,0
HYD,20150727,1.25357142857142915,1.25357142857142915,1.2071428571428577,1.25357142857142915,51306.1,0
HYD,20150728,1.25357142857142915,1.25357142857142915,1.25357142857142915,1.25357142857142915,13238.3,0
HYD,20150729,1.3000000000000006,1.3000000000000006,1.2071428571428577,1.25357142857142915,36372.4,0
HYD,20150730,1.2071428571428577,1.25357142857142915,1.2071428571428577,1.2071428571428577,15400,0
HYD,20150731,1.25357142857142915,1.3000000000000006,1.2071428571428577,1.3000000000000006,68071,0
HYD,20150803,1.25357142857142915,1.3000000000000006,1.2071428571428577,1.2071428571428577,88860.9,0
HYD,20150804,1.2071428571428577,1.25357142857142915,1.16071428571428625,1.16071428571428625,28808.3,0
HYD,20150805,1.16071428571428625,1.16071428571428625,1.06785714285714335,1.06785714285714335,70316.7,0
HYD,20150806,1.06785714285714335,1.1142857142857148,1.06785714285714335,1.06785714285714335,13554.7,0
HYD,20150807,1.06785714285714335,1.1142857142857148,1.06785714285714335,1.1142857142857148,36324.6,0
HYD,20150810,1.16071428571428625,1.16071428571428625,1.06785714285714335,1.16071428571428625,12813.8,0
HYD,20150811,1.1142857142857148,1.16071428571428625,1.1142857142857148,1.1142857142857148,26805.1,0
HYD,20150812,1.1142857142857148,1.1142857142857148,1.1142857142857148,1.1142857142857148,17201.3,0
HYD,20150813,1.1142857142857148,1.16071428571428625,1.1142857142857148,1.16071428571428625,8644.6,0
HYD,20150814,1.16071428571428625,1.2071428571428577,1.1142857142857148,1.1142857142857148,28113.3,0
HYD,20150817,1.16071428571428625,1.2071428571428577,1.1142857142857148,1.1142857142857148,49015.4,0
HYD,20150818,1.2071428571428577,1.2071428571428577,1.1142857142857148,1.16071428571428625,36030.4,0
HYD,20150819,1.1142857142857148,1.16071428571428625,1.06785714285714335,1.06785714285714335,13561.3,0
HYD,20150820,1.1142857142857148,1.1142857142857148,1.1142857142857148,1.1142857142857148,28895,0
HYD,20150821,1.06785714285714335,1.1142857142857148,1.0214285714285719,1.0214285714285719,65135.6,0
HYD,20150824,1.0214285714285719,1.0214285714285719,0.928571428571429,0.928571428571429,112843.2,0
HYD,20150825,0.928571428571429,1.0214285714285719,0.88214285714285755,0.97500000000000045,86402.5,0
HYD,20150826,0.97500000000000045,0.97500000000000045,0.928571428571429,0.928571428571429,27002.4,0
HYD,20150827,0.928571428571429,0.97500000000000045,0.928571428571429,0.97500000000000045,30454.9,0
HYD,20150828,0.928571428571429,0.928571428571429,0.91928571428571471,0.928571428571429,14925.6,0
HYD,20150831,0.928571428571429,0.928571428571429,0.928571428571429,0.928571428571429,13795.3,0
HYD,20150901,0.97500000000000045,1.0214285714285719,0.928571428571429,0.97500000000000045,37566,0
HYD,20150902,0.97500000000000045,0.97500000000000045,0.928571428571429,0.928571428571429,14411.4,0
HYD,20150903,0.97500000000000045,1.3928571428571435,0.97500000000000045,1.34642857142857205,305700.5,0
HYD,20150904,1.3000000000000006,1.53214285714285785,1.25357142857142915,1.25357142857142915,323594.9,0
HYD,20150907,1.25357142857142915,1.43928571428571495,1.16071428571428625,1.3928571428571435,228366.3,0
HYD,20150908,1.4857142857142864,2.2285714285714296,1.4857142857142864,2.18214285714285815,1925420.2,0
HYD,20150909,2.2285714285714296,2.2285714285714296,1.857142857142858,1.9500000000000009,833279.5,0
HYD,20150910,1.9500000000000009,2.2285714285714296,1.90357142857142945,1.99642857142857235,962014.6,0
HYD,20150911,2.0428571428571438,2.3214285714285725,2.0428571428571438,2.18214285714285815,1250579.9,0
HYD,20150914,2.27500000000000105,2.4142857142857154,2.18214285714285815,2.27500000000000105,771370.3,0
HYD,20150915,2.36785714285714395,2.36785714285714395,2.08928571428571525,2.08928571428571525,447404.5,0
HYD,20150916,2.18214285714285815,2.18214285714285815,1.99642857142857235,2.0428571428571438,213454.5,0
HYD,20150917,2.0428571428571438,2.0428571428571438,1.90357142857142945,1.99642857142857235,122943.7,0
HYD,20150918,1.99642857142857235,2.18214285714285815,1.9500000000000009,2.1357142857142867,238038.8,0
HYD,20150921,2.1357142857142867,2.1357142857142867,2.0428571428571438,2.0428571428571438,38905.1,0
HYD,20150922,2.08928571428571525,2.1357142857142867,2.0428571428571438,2.0428571428571438,54126,0
HYD,20150923,2.0428571428571438,2.08928571428571525,1.99642857142857235,1.99642857142857235,41079.8,0
HYD,20150924,2.0428571428571438,2.0428571428571438,1.71785714285714365,1.81071428571428655,203657.7,0
HYD,20150925,1.81071428571428655,1.857142857142858,1.7642857142857151,1.857142857142858,90821.3,0
HYD,20150928,1.857142857142858,2.0428571428571438,1.81071428571428655,2.0428571428571438,158956.5,0
HYD,20150929,1.99642857142857235,2.08928571428571525,1.81071428571428655,1.857142857142858,168823.7,0
HYD,20150930,1.90357142857142945,1.9500000000000009,1.6714285714285722,1.81071428571428655,180249,0
HYD,20151001,1.7642857142857151,1.7642857142857151,1.6714285714285722,1.6714285714285722,87363.3,0
HYD,20151002,1.71785714285714365,1.81071428571428655,1.71785714285714365,1.7642857142857151,44144.8,0
HYD,20151005,1.7642857142857151,1.81071428571428655,1.71785714285714365,1.71785714285714365,37386.4,0
HYD,20151006,1.81071428571428655,1.81071428571428655,1.62500000000000075,1.62500000000000075,121255.5,0
HYD,20151007,1.6714285714285722,1.71785714285714365,1.62500000000000075,1.6714285714285722,40887.3,0
HYD,20151008,1.71785714285714365,2.0428571428571438,1.71785714285714365,1.9500000000000009,290289.4,0
HYD,20151009,2.08928571428571525,2.18214285714285815,1.99642857142857235,1.99642857142857235,165398,0
HYD,20151012,1.99642857142857235,1.99642857142857235,1.857142857142858,1.857142857142858,84936.3,0
HYD,20151013,1.90357142857142945,1.90357142857142945,1.7642857142857151,1.81071428571428655,91204.4,0
HYD,20151014,1.7642857142857151,1.81071428571428655,1.7642857142857151,1.81071428571428655,64811.5,0
HYD,20151015,1.7642857142857151,1.7642857142857151,1.6714285714285722,1.6714285714285722,36443.2,0
HYD,20151016,1.71785714285714365,1.71785714285714365,1.6714285714285722,1.6714285714285722,35215.2,0
HYD,20151019,1.6714285714285722,1.6714285714285722,1.53214285714285785,1.5785714285714293,127819.8,0
HYD,20151020,1.5785714285714293,1.5785714285714293,1.53214285714285785,1.53214285714285785,19406.3,0
HYD,20151021,1.53214285714285785,1.82928571428571513,1.53214285714285785,1.71785714285714365,225722.8,0
HYD,20151022,1.6714285714285722,1.71785714285714365,1.6714285714285722,1.6714285714285722,49889,0
HYD,20151023,1.6714285714285722,1.7642857142857151,1.6714285714285722,1.7642857142857151,23961.2,0
HYD,20151026,1.7642857142857151,1.7642857142857151,1.62500000000000075,1.62500000000000075,63970.9,0
HYD,20151027,1.62500000000000075,1.6714285714285722,1.62500000000000075,1.62500000000000075,13839,0
HYD,20151028,1.62500000000000075,1.71785714285714365,1.5785714285714293,1.6714285714285722,82137.6,0
HYD,20151029,1.71785714285714365,1.7642857142857151,1.62500000000000075,1.6714285714285722,85482,0
HYD,20151030,1.6714285714285722,1.71785714285714365,1.5785714285714293,1.5785714285714293,95138.2,0
HYD,20151102,1.6714285714285722,1.6714285714285722,1.62500000000000075,1.62500000000000075,174663.2,0
HYD,20151103,1.6714285714285722,1.6714285714285722,1.62500000000000075,1.6714285714285722,69160.1,0
HYD,20151104,1.62500000000000075,1.6714285714285722,1.62500000000000075,1.6714285714285722,59618.1,0
HYD,20151105,1.62500000000000075,1.90357142857142945,1.62500000000000075,1.90357142857142945,238431.3,0
HYD,20151106,1.857142857142858,2.01500000000000093,1.81071428571428655,1.81071428571428655,290007.1,0
HYD,20151109,1.857142857142858,1.857142857142858,1.7642857142857151,1.857142857142858,60593.1,0
HYD,20151110,1.857142857142858,1.99642857142857235,1.81071428571428655,1.90357142857142945,78440.8,0
HYD,20151111,1.9500000000000009,2.18214285714285815,1.90357142857142945,2.0428571428571438,675076.8,0
HYD,20151112,2.08928571428571525,2.08928571428571525,1.90357142857142945,1.90357142857142945,187167.4,0
HYD,20151113,1.857142857142858,1.857142857142858,1.71785714285714365,1.7642857142857151,155480.5,0
HYD,20151116,1.71785714285714365,1.7642857142857151,1.71785714285714365,1.71785714285714365,49844.3,0
HYD,20151117,1.7642857142857151,1.90357142857142945,1.7642857142857151,1.7642857142857151,150664.4,0
HYD,20151118,1.7642857142857151,1.81071428571428655,1.71785714285714365,1.7642857142857151,41517,0
HYD,20151119,1.7642857142857151,1.7642857142857151,1.62500000000000075,1.62500000000000075,151060.2,0
HYD,20151120,1.5785714285714293,1.6714285714285722,1.5785714285714293,1.6714285714285722,203901.5,0
HYD,20151123,1.6714285714285722,1.71785714285714365,1.62500000000000075,1.62500000000000075,67049.5,0
HYD,20151124,1.6714285714285722,1.7642857142857151,1.6714285714285722,1.7642857142857151,76907.8,0
HYD,20151125,1.7642857142857151,1.7642857142857151,1.71785714285714365,1.71785714285714365,8872.6,0
HYD,20151126,1.857142857142858,1.857142857142858,1.6714285714285722,1.6714285714285722,198173.7,0
HYD,20151127,1.81071428571428655,1.81071428571428655,1.62500000000000075,1.62500000000000075,199228.6,0
HYD,20151130,1.62500000000000075,1.62500000000000075,1.43928571428571495,1.43928571428571495,227136.2,0
HYD,20151201,1.4857142857142864,1.4857142857142864,1.43928571428571495,1.4857142857142864,68586.5,0
HYD,20151202,1.3928571428571435,1.43928571428571495,1.3000000000000006,1.3000000000000006,247997.9,0
HYD,20151203,1.3928571428571435,1.43928571428571495,1.3928571428571435,1.43928571428571495,92921.5,0
HYD,20151204,1.43928571428571495,1.43928571428571495,1.3928571428571435,1.3928571428571435,60219.6,0
HYD,20151207,1.3928571428571435,1.43928571428571495,1.3928571428571435,1.3928571428571435,27663.3,0
HYD,20151208,1.43928571428571495,1.4857142857142864,1.3928571428571435,1.43928571428571495,52690.8,0
HYD,20151209,1.43928571428571495,1.53214285714285785,1.3928571428571435,1.3928571428571435,75750.4,0
HYD,20151210,1.3928571428571435,1.43928571428571495,1.34642857142857205,1.34642857142857205,23265.3,0
HYD,20151211,1.3928571428571435,1.43928571428571495,1.3928571428571435,1.3928571428571435,14203.2,0
HYD,20151214,1.43928571428571495,1.43928571428571495,1.3000000000000006,1.3000000000000006,47851.1,0
HYD,20151215,1.3928571428571435,1.3928571428571435,1.16071428571428625,1.2071428571428577,99528.8,0
HYD,20151216,1.2071428571428577,1.25357142857142915,1.2071428571428577,1.2071428571428577,40874.5,0
HYD,20151217,1.2071428571428577,1.25357142857142915,1.2071428571428577,1.2071428571428577,25489.4,0
HYD,20151218,1.25357142857142915,1.25357142857142915,1.1142857142857148,1.1142857142857148,56375.6,0
HYD,20151221,1.1142857142857148,1.25357142857142915,1.1142857142857148,1.25357142857142915,27410.3,0
HYD,20151222,1.2071428571428577,1.34642857142857205,1.2071428571428577,1.25357142857142915,53747.6,0
HYD,20151223,1.25357142857142915,1.34642857142857205,1.25357142857142915,1.25357142857142915,42998.2,0
HYD,20151224,1.25357142857142915,1.25357142857142915,1.2071428571428577,1.2071428571428577,52083,0
HYD,20151225,1.2071428571428577,1.2071428571428577,1.2071428571428577,1.2071428571428577,0,0
HYD,20151228,1.2071428571428577,1.2071428571428577,1.2071428571428577,1.2071428571428577,0,0
HYD,20151229,1.25357142857142915,1.43928571428571495,1.25357142857142915,1.34642857142857205,170322.7,0
HYD,20151230,1.3928571428571435,1.3928571428571435,1.25357142857142915,1.25357142857142915,127871,0
HYD,20151231,1.25357142857142915,1.25357142857142915,1.2071428571428577,1.2071428571428577,21967,0
HYD,20160101,1.2071428571428577,1.2071428571428577,1.2071428571428577,1.2071428571428577,0,0
HYD,20160104,1.25357142857142915,1.3000000000000006,1.2071428571428577,1.2071428571428577,95636.9,0
HYD,20160105,1.2071428571428577,1.2071428571428577,1.16071428571428625,1.16071428571428625,46679.4,0
HYD,20160106,1.16071428571428625,1.16071428571428625,1.1142857142857148,1.1142857142857148,54104.1,0
HYD,20160107,1.16071428571428625,1.16071428571428625,1.1142857142857148,1.1142857142857148,41652,0
HYD,20160108,1.1142857142857148,1.16071428571428625,1.1142857142857148,1.1142857142857148,63831.6,0
HYD,20160111,1.16071428571428625,1.16071428571428625,1.16071428571428625,1.16071428571428625,18066.2,0
HYD,20160112,1.16071428571428625,1.16071428571428625,1.1142857142857148,1.1142857142857148,31672.8,0
HYD,20160113,1.1142857142857148,1.1142857142857148,1.06785714285714335,1.06785714285714335,54261.4,0
HYD,20160114,1.1142857142857148,1.1142857142857148,1.1142857142857148,1.1142857142857148,28855.4,0
HYD,20160115,1.16071428571428625,1.2071428571428577,1.16071428571428625,1.2071428571428577,97730,0
HYD,20160118,1.2071428571428577,1.2071428571428577,1.1142857142857148,1.1142857142857148,36490,0
HYD,20160119,1.16071428571428625,1.2071428571428577,1.16071428571428625,1.2071428571428577,29950,0
HYD,20160120,1.2071428571428577,1.2071428571428577,1.16071428571428625,1.2071428571428577,18202,0
HYD,20160121,1.16071428571428625,1.2071428571428577,1.16071428571428625,1.2071428571428577,27996.5,0
HYD,20160122,1.2071428571428577,1.2071428571428577,1.06785714285714335,1.06785714285714335,37698.2,0
HYD,20160125,1.16071428571428625,1.16071428571428625,1.1142857142857148,1.1142857142857148,27177.6,0
HYD,20160126,1.1142857142857148,1.1142857142857148,1.1142857142857148,1.1142857142857148,0,0
HYD,20160127,1.1142857142857148,1.16071428571428625,1.1142857142857148,1.1142857142857148,24102.9,0
HYD,20160128,1.16071428571428625,1.16071428571428625,1.16071428571428625,1.16071428571428625,1000,0
HYD,20160129,1.16071428571428625,1.2071428571428577,1.1142857142857148,1.2071428571428577,38627.2,0
HYD,20160201,1.16071428571428625,1.16071428571428625,1.1142857142857148,1.1142857142857148,48048.6,0
HYD,20160202,1.1142857142857148,1.16071428571428625,1.1142857142857148,1.1142857142857148,5899.3,0
HYD,20160203,1.1142857142857148,1.16071428571428625,1.1142857142857148,1.1142857142857148,22365.2,0
HYD,20160204,1.16071428571428625,1.16071428571428625,1.16071428571428625,1.16071428571428625,3500,0
HYD,20160205,1.16071428571428625,1.2071428571428577,1.16071428571428625,1.16071428571428625,47060.8,0
HYD,20160208,1.1142857142857148,1.16071428571428625,1.1142857142857148,1.1142857142857148,85248.8,0
HYD,20160209,1.1142857142857148,1.1142857142857148,1.06785714285714335,1.06785714285714335,70831.4,0
HYD,20160210,1.06785714285714335,1.06785714285714335,1.0214285714285719,1.06785714285714335,73673.9,0
HYD,20160211,1.06785714285714335,1.06785714285714335,1.0214285714285719,1.0214285714285719,54485.4,0
HYD,20160212,1.06785714285714335,1.06785714285714335,1.0214285714285719,1.0214285714285719,28852.7,0
HYD,20160215,1.06785714285714335,1.06785714285714335,1.0214285714285719,1.0214285714285719,5117.8,0
HYD,20160216,1.0214285714285719,1.0214285714285719,1.0214285714285719,1.0214285714285719,0,0
HYD,20160217,1.0214285714285719,1.0214285714285719,1.0214285714285719,1.0214285714285719,12431.2,0
HYD,20160218,1.06785714285714335,1.06785714285714335,1.06785714285714335,1.06785714285714335,40187.6,0
HYD,20160219,1.06785714285714335,1.25357142857142915,1.06785714285714335,1.2071428571428577,247468.2,0
HYD,20160222,1.2071428571428577,1.25357142857142915,1.2071428571428577,1.2071428571428577,70748.2,0
HYD,20160223,1.2071428571428577,1.2071428571428577,1.2071428571428577,1.2071428571428577,30831.5,0
HYD,20160224,1.2071428571428577,1.3928571428571435,1.2071428571428577,1.3000000000000006,188727.7,0
HYD,20160225,1.3000000000000006,1.3000000000000006,1.2071428571428577,1.2071428571428577,66122.5,0
HYD,20160226,1.2071428571428577,1.2071428571428577,1.16071428571428625,1.16071428571428625,52442.3,0
HYD,20160229,1.16071428571428625,1.16071428571428625,1.16071428571428625,1.16071428571428625,23315,0
HYD,20160301,1.16071428571428625,1.16071428571428625,1.06785714285714335,1.06785714285714335,71466.1,0
HYD,20160302,1.06785714285714335,1.1142857142857148,1.06785714285714335,1.06785714285714335,18500,0
HYD,20160303,1.06785714285714335,1.1142857142857148,1.06785714285714335,1.1142857142857148,29503.3,0
HYD,20160304,1.1142857142857148,1.16071428571428625,1.1142857142857148,1.1142857142857148,29048.3,0
HYD,20160307,1.16071428571428625,1.16071428571428625,1.06785714285714335,1.06785714285714335,47099.6,0
HYD,20160308,1.1142857142857148,1.1142857142857148,1.06785714285714335,1.06785714285714335,53384.7,0
HYD,20160309,1.1142857142857148,1.16071428571428625,1.1142857142857148,1.1142857142857148,64995.6,0
HYD,20160310,1.16071428571428625,1.16071428571428625,1.16071428571428625,1.16071428571428625,15694.6,0
HYD,20160311,1.1142857142857148,1.16071428571428625,1.1142857142857148,1.1142857142857148,28815,0
HYD,20160314,1.16071428571428625,1.16071428571428625,1.1142857142857148,1.1142857142857148,4000,0
HYD,20160315,1.1142857142857148,1.1142857142857148,1.1142857142857148,1.1142857142857148,29600,0
HYD,20160316,1.1142857142857148,1.1142857142857148,1.0214285714285719,1.0214285714285719,106191.8,0
HYD,20160317,1.06785714285714335,1.06785714285714335,0.97500000000000045,1.0214285714285719,133743.7,0
HYD,20160318,1.0214285714285719,1.0214285714285719,0.97500000000000045,1.0214285714285719,16449.6,0
HYD,20160321,1.0214285714285719,1.06785714285714335,0.97500000000000045,0.97500000000000045,103556.6,0
HYD,20160322,0.97500000000000045,0.97500000000000045,0.97500000000000045,0.97500000000000045,72505.7,0
HYD,20160323,0.97500000000000045,0.97500000000000045,0.928571428571429,0.928571428571429,88433.4,0
HYD,20160324,0.928571428571429,0.928571428571429,0.91000000000000042,0.91928571428571471,106235.1,0
HYD,20160325,0.91928571428571471,0.91928571428571471,0.91928571428571471,0.91928571428571471,0,0
HYD,20160328,0.91928571428571471,0.91928571428571471,0.91928571428571471,0.91928571428571471,0,0
HYD,20160329,0.928571428571429,0.928571428571429,0.91928571428571471,0.91928571428571471,39115,0
HYD,20160330,0.97500000000000045,1.0214285714285719,0.97500000000000045,0.97500000000000045,165730.5,0
HYD,20160331,1.0214285714285719,1.0214285714285719,0.928571428571429,0.928571428571429,53998,0
HYD,20160401,0.97500000000000045,1.0214285714285719,0.97500000000000045,0.97500000000000045,36951.8,0
HYD,20160404,1.0214285714285719,1.0214285714285719,0.928571428571429,0.928571428571429,33375.3,0
HYD,20160405,0.97500000000000045,0.97500000000000045,0.97500000000000045,0.97500000000000045,15900,0
HYD,20160406,0.97500000000000045,1.0214285714285719,0.97500000000000045,0.97500000000000045,18212,0
HYD,20160407,1.0214285714285719,1.0214285714285719,0.97500000000000045,0.97500000000000045,19189.3,0
HYD,20160408,0.97500000000000045,0.97500000000000045,0.928571428571429,0.928571428571429,17597,0
HYD,20160411,0.928571428571429,0.97500000000000045,0.928571428571429,0.97500000000000045,11443.1,0
HYD,20160412,0.928571428571429,0.928571428571429,0.928571428571429,0.928571428571429,21259.4,0
HYD,20160413,0.91928571428571471,0.928571428571429,0.91000000000000042,0.91928571428571471,93275.3,0
HYD,20160414,0.91928571428571471,0.928571428571429,0.90071428571428613,0.928571428571429,51107,0
HYD,20160415,0.97500000000000045,0.97500000000000045,0.928571428571429,0.928571428571429,79263.7,0
HYD,20160418,0.97500000000000045,0.97500000000000045,0.928571428571429,0.928571428571429,9220,0
HYD,20160419,0.928571428571429,0.928571428571429,0.91928571428571471,0.91928571428571471,42701.2,0
HYD,20160420,0.928571428571429,0.928571428571429,0.91928571428571471,0.91928571428571471,12587.2,0
HYD,20160421,0.97500000000000045,0.97500000000000045,0.91928571428571471,0.94714285714285758,18037.1,0
HYD,20160422,0.928571428571429,0.97500000000000045,0.928571428571429,0.928571428571429,21281.8,0
HYD,20160425,0.928571428571429,0.928571428571429,0.928571428571429,0.928571428571429,0,0
HYD,20160426,0.928571428571429,0.928571428571429,0.91000000000000042,0.91000000000000042,77908.5,0
HYD,20160427,0.928571428571429,0.97500000000000045,0.90071428571428613,0.90071428571428613,81919.2,0
HYD,20160428,0.89142857142857184,0.90071428571428613,0.8357142857142861,0.8357142857142861,82982.2,0
HYD,20160429,0.85428571428571468,0.86357142857142897,0.82642857142857181,0.86357142857142897,103520.5,0
HYD,20160502,0.86357142857142897,0.86357142857142897,0.8357142857142861,0.8357142857142861,62548.9,0
HYD,20160503,0.84500000000000039,0.84500000000000039,0.82642857142857181,0.82642857142857181,51902.2,0
HYD,20160504,0.79857142857142894,0.85428571428571468,0.79857142857142894,0.85428571428571468,41615.1,0
HYD,20160505,0.85428571428571468,0.90071428571428613,0.85428571428571468,0.90071428571428613,34821.9,0
HYD,20160506,0.91000000000000042,1.06785714285714335,0.91000000000000042,1.06785714285714335,177553,0
HYD,20160509,1.1142857142857148,1.2071428571428577,1.1142857142857148,1.1142857142857148,146798,0
HYD,20160510,1.16071428571428625,1.4857142857142864,1.16071428571428625,1.3000000000000006,406472.7,0
HYD,20160511,1.3000000000000006,1.3000000000000006,1.08642857142857193,1.1142857142857148,210074.3,0
HYD,20160512,1.16071428571428625,1.16071428571428625,1.1142857142857148,1.1142857142857148,44385,0
HYD,20160513,1.1142857142857148,1.1142857142857148,1.1142857142857148,1.1142857142857148,39471.2,0
HYD,20160516,1.16071428571428625,1.16071428571428625,1.06785714285714335,1.06785714285714335,96632.9,0
HYD,20160517,1.1142857142857148,1.1142857142857148,1.06785714285714335,1.1142857142857148,89130.3,0
HYD,20160518,1.1142857142857148,1.2071428571428577,1.1142857142857148,1.2071428571428577,101220.2,0
HYD,20160519,1.2071428571428577,1.25357142857142915,1.1142857142857148,1.1142857142857148,139950.4,0
HYD,20160520,1.08642857142857193,1.1142857142857148,1.06785714285714335,1.1142857142857148,29442.9,0
HYD,20160523,1.08642857142857193,1.1142857142857148,1.06785714285714335,1.1142857142857148,3668.3,0
HYD,20160524,1.06785714285714335,1.1142857142857148,1.06785714285714335,1.06785714285714335,49865.3,0
HYD,20160525,1.08642857142857193,1.08642857142857193,1.04000000000000048,1.08642857142857193,22889.3,0
HYD,20160526,1.1142857142857148,1.1142857142857148,1.08642857142857193,1.1142857142857148,2708.6,0
HYD,20160527,1.1142857142857148,1.1142857142857148,1.06785714285714335,1.06785714285714335,20485.4,0
HYD,20160530,1.1142857142857148,1.25357142857142915,1.08642857142857193,1.25357142857142915,120642,0
HYD,20160531,1.25357142857142915,1.25357142857142915,1.13285714285714338,1.16071428571428625,162129.5,0
HYD,20160601,1.2071428571428577,1.2071428571428577,1.1142857142857148,1.1142857142857148,55968.6,0
HYD,20160602,1.1142857142857148,1.1142857142857148,1.06785714285714335,1.06785714285714335,13011.2,0
HYD,20160603,1.1142857142857148,1.1142857142857148,1.06785714285714335,1.06785714285714335,77409.3,0
HYD,20160606,1.06785714285714335,1.1142857142857148,1.06785714285714335,1.1142857142857148,21393.4,0
HYD,20160607,1.1142857142857148,1.1142857142857148,1.06785714285714335,1.06785714285714335,7530,0
HYD,20160608,1.06785714285714335,1.08642857142857193,1.06785714285714335,1.08642857142857193,9596,0
HYD,20160609,1.1142857142857148,1.1142857142857148,1.1142857142857148,1.1142857142857148,39432.7,0
HYD,20160610,1.1142857142857148,1.1142857142857148,1.1142857142857148,1.1142857142857148,7382.3,0
HYD,20160613,1.1142857142857148,1.1142857142857148,1.1142857142857148,1.1142857142857148,0,0
HYD,20160614,1.1142857142857148,1.1142857142857148,1.06785714285714335,1.06785714285714335,20136,0
HYD,20160615,1.06785714285714335,1.06785714285714335,1.06785714285714335,1.06785714285714335,6313.3,0
HYD,20160616,1.06785714285714335,1.06785714285714335,1.06785714285714335,1.06785714285714335,17732.4,0
HYD,20160617,1.06785714285714335,1.06785714285714335,1.06785714285714335,1.06785714285714335,51725.8,0
HYD,20160620,1.06785714285714335,1.06785714285714335,0.97500000000000045,0.97500000000000045,69998.9,0
HYD,20160621,0.97500000000000045,1.04000000000000048,0.97500000000000045,1.0214285714285719,46650,0
HYD,20160622,1.06785714285714335,1.1142857142857148,1.0214285714285719,1.0214285714285719,21617.3,0
HYD,20160623,1.0214285714285719,1.0214285714285719,1.0214285714285719,1.0214285714285719,29875,0
HYD,20160624,1.06785714285714335,1.06785714285714335,0.928571428571429,0.928571428571429,113589.9,0
HYD,20160627,0.97500000000000045,0.97500000000000045,0.88214285714285755,0.89142857142857184,142538.1,0
HYD,20160628,0.90071428571428613,0.91000000000000042,0.88214285714285755,0.90071428571428613,45915,0
HYD,20160629,0.91000000000000042,0.97500000000000045,0.88214285714285755,0.97500000000000045,44465.8,0
HYD,20160630,0.97500000000000045,0.97500000000000045,0.928571428571429,0.928571428571429,31171.8,0
HYD,20160701,0.94714285714285758,1.0214285714285719,0.94714285714285758,0.97500000000000045,30009.3,0
HYD,20160704,0.97500000000000045,1.0214285714285719,0.97500000000000045,1.0214285714285719,14683.4,0
HYD,20160705,0.97500000000000045,1.1142857142857148,0.97500000000000045,1.1142857142857148,86215.2,0
HYD,20160706,1.1142857142857148,1.1142857142857148,1.06785714285714335,1.06785714285714335,23597.4,0
HYD,20160707,1.06785714285714335,1.06785714285714335,1.0214285714285719,1.0214285714285719,13781.9,0
HYD,20160708,1.0214285714285719,1.06785714285714335,1.0214285714285719,1.06785714285714335,30295.5,0
HYD,20160711,1.06785714285714335,1.06785714285714335,1.06785714285714335,1.06785714285714335,20945,0
HYD,20160712,1.06785714285714335,1.06785714285714335,0.97500000000000045,0.97500000000000045,37786,0
HYD,20160713,1.0214285714285719,1.16071428571428625,1.0214285714285719,1.06785714285714335,232068.8,0
HYD,20160714,1.06785714285714335,1.06785714285714335,1.0214285714285719,1.06785714285714335,33789.1,0
HYD,20160715,1.0214285714285719,1.06785714285714335,1.0214285714285719,1.0214285714285719,10743.4,0
HYD,20160718,1.0214285714285719,1.06785714285714335,1.0214285714285719,1.06785714285714335,5102.3,0
HYD,20160719,1.06785714285714335,1.1142857142857148,1.06785714285714335,1.06785714285714335,28978.5,0
HYD,20160720,1.06785714285714335,1.1142857142857148,1.06785714285714335,1.1142857142857148,19867,0
HYD,20160721,1.1142857142857148,1.3000000000000006,1.06785714285714335,1.2071428571428577,358004.6,0
HYD,20160722,1.25357142857142915,1.25357142857142915,1.16071428571428625,1.16071428571428625,72833.8,0
HYD,20160725,1.1142857142857148,1.16071428571428625,1.06785714285714335,1.06785714285714335,56952.3,0
HYD,20160726,1.06785714285714335,1.06785714285714335,1.0214285714285719,1.04000000000000048,47669,0
HYD,20160727,1.0214285714285719,1.04000000000000048,1.0214285714285719,1.0214285714285719,15208.8,0
HYD,20160728,1.06785714285714335,1.06785714285714335,1.0214285714285719,1.0214285714285719,77651,0
HYD,20160729,1.0214285714285719,1.0214285714285719,0.90071428571428613,0.928571428571429,221721.8,0
HYD,20160801,0.97500000000000045,0.97500000000000045,0.928571428571429,0.97500000000000045,39818,0
HYD,20160802,0.97500000000000045,0.97500000000000045,0.928571428571429,0.928571428571429,2175.4,0
HYD,20160803,0.928571428571429,0.94714285714285758,0.91000000000000042,0.91000000000000042,68032.5,0
HYD,20160804,0.928571428571429,0.928571428571429,0.91000000000000042,0.91000000000000042,69900.1,0
HYD,20160805,0.91000000000000042,0.928571428571429,0.91000000000000042,0.928571428571429,49998.9,0
HYD,20160808,0.928571428571429,0.928571428571429,0.928571428571429,0.928571428571429,2161.2,0
HYD,20160809,0.928571428571429,0.928571428571429,0.91000000000000042,0.91928571428571471,6600,0
HYD,20160810,0.91000000000000042,0.928571428571429,0.91000000000000042,0.91000000000000042,52846.6,0
HYD,20160811,0.91928571428571471,0.91928571428571471,0.91000000000000042,0.91000000000000042,12113.1,0
HYD,20160812,0.91000000000000042,0.91000000000000042,0.90071428571428613,0.90071428571428613,9096.4,0
HYD,20160815,0.91000000000000042,0.91000000000000042,0.89142857142857184,0.90071428571428613,67304.5,0
HYD,20160816,0.91928571428571471,0.91928571428571471,0.88214285714285755,0.89142857142857184,41718.8,0
HYD,20160817,0.91000000000000042,0.91000000000000042,0.88214285714285755,0.88214285714285755,11882.7,0
HYD,20160818,0.89142857142857184,0.90071428571428613,0.88214285714285755,0.90071428571428613,19155.8,0
HYD,20160819,0.90071428571428613,0.91928571428571471,0.90071428571428613,0.90071428571428613,5875.9,0
HYD,20160822,0.90071428571428613,0.928571428571429,0.90071428571428613,0.90071428571428613,11491.6,0
HYD,20160823,0.90071428571428613,0.91928571428571471,0.89142857142857184,0.91000000000000042,21438.4,0
HYD,20160824,0.90071428571428613,0.91928571428571471,0.89142857142857184,0.91000000000000042,13302.4,0
HYD,20160825,0.90071428571428613,0.91928571428571471,0.86357142857142897,0.87285714285714326,78999.2,0
HYD,20160826,0.87285714285714326,0.87285714285714326,0.85428571428571468,0.86357142857142897,14290.6,0
HYD,20160829,0.91000000000000042,0.91000000000000042,0.86357142857142897,0.86357142857142897,14848.8,0
HYD,20160830,0.87285714285714326,0.87285714285714326,0.84500000000000039,0.84500000000000039,11473.5,0
HYD,20160831,0.86357142857142897,0.89142857142857184,0.85428571428571468,0.85428571428571468,9351.3,0
HYD,20160901,0.85428571428571468,0.91000000000000042,0.85428571428571468,0.91000000000000042,36098.9,0
HYD,20160902,0.91928571428571471,0.97500000000000045,0.90071428571428613,0.97500000000000045,52472.6,0
HYD,20160905,0.97500000000000045,0.97500000000000045,0.91000000000000042,0.91000000000000042,8295.2,0
HYD,20160906,0.97500000000000045,0.97500000000000045,0.89142857142857184,0.91000000000000042,8082.5,0
HYD,20160907,0.928571428571429,0.928571428571429,0.90071428571428613,0.90071428571428613,17390.9,0
HYD,20160908,0.928571428571429,0.928571428571429,0.91928571428571471,0.91928571428571471,15017.4,0
HYD,20160909,0.928571428571429,0.928571428571429,0.88214285714285755,0.88214285714285755,37052.7,0
HYD,20160912,0.88214285714285755,0.88214285714285755,0.86357142857142897,0.86357142857142897,24495.5,0
HYD,20160913,0.87285714285714326,0.88214285714285755,0.86357142857142897,0.86357142857142897,4322.1,0
HYD,20160914,0.87285714285714326,0.88214285714285755,0.87285714285714326,0.88214285714285755,20623.4,0
HYD,20160915,0.88214285714285755,0.88214285714285755,0.86357142857142897,0.86357142857142897,2487.4,0
HYD,20160916,0.88214285714285755,0.88214285714285755,0.86357142857142897,0.86357142857142897,6012.3,0
HYD,20160919,0.87285714285714326,0.87285714285714326,0.87285714285714326,0.87285714285714326,1000,0
HYD,20160920,0.86357142857142897,0.86357142857142897,0.86357142857142897,0.86357142857142897,6447.4,0
HYD,20160921,0.86357142857142897,0.86357142857142897,0.84500000000000039,0.84500000000000039,34729.2,0
HYD,20160922,0.85428571428571468,0.87285714285714326,0.85428571428571468,0.87285714285714326,7695.7,0
HYD,20160923,0.89142857142857184,0.90071428571428613,0.85428571428571468,0.86357142857142897,102050.2,0
HYD,20160926,0.86357142857142897,0.88214285714285755,0.8357142857142861,0.86357142857142897,122078.9,0
HYD,20160927,0.84500000000000039,0.87285714285714326,0.8357142857142861,0.87285714285714326,67348.4,0
HYD,20160928,0.85428571428571468,0.85428571428571468,0.80785714285714323,0.8357142857142861,42926.4,0
HYD,20160929,0.86357142857142897,0.86357142857142897,0.84500000000000039,0.84500000000000039,12382.1,0
HYD,20160930,0.8357142857142861,0.8357142857142861,0.82642857142857181,0.82642857142857181,12000,0
HYD,20161003,0.8357142857142861,0.8357142857142861,0.8357142857142861,0.8357142857142861,8519.2,0
HYD,20161004,0.8357142857142861,0.84500000000000039,0.82642857142857181,0.8357142857142861,17923.9,0
HYD,20161005,0.8357142857142861,0.86357142857142897,0.82642857142857181,0.82642857142857181,86556.1,0
HYD,20161006,0.84500000000000039,0.84500000000000039,0.8357142857142861,0.8357142857142861,12914.7,0
HYD,20161007,0.84500000000000039,0.87285714285714326,0.84500000000000039,0.87285714285714326,25446.8,0
HYD,20161010,0.86357142857142897,0.87285714285714326,0.86357142857142897,0.87285714285714326,6593,0
HYD,20161011,0.88214285714285755,0.88214285714285755,0.86357142857142897,0.86357142857142897,7343.3,0
HYD,20161012,0.86357142857142897,0.86357142857142897,0.85428571428571468,0.85428571428571468,11936.3,0
HYD,20161013,0.86357142857142897,0.86357142857142897,0.85428571428571468,0.85428571428571468,18483.8,0
HYD,20161014,0.84500000000000039,0.85428571428571468,0.82642857142857181,0.82642857142857181,59968.6,0
HYD,20161017,0.8357142857142861,0.8357142857142861,0.81714285714285752,0.81714285714285752,29312.8,0
HYD,20161018,0.81714285714285752,0.8357142857142861,0.80785714285714323,0.80785714285714323,58847.2,0
HYD,20161019,0.81714285714285752,0.81714285714285752,0.81714285714285752,0.81714285714285752,16362.2,0
HYD,20161020,0.80785714285714323,0.82642857142857181,0.80785714285714323,0.81714285714285752,30481.1,0
HYD,20161021,0.80785714285714323,0.80785714285714323,0.80785714285714323,0.80785714285714323,14465.9,0
HYD,20161024,0.80785714285714323,0.80785714285714323,0.80785714285714323,0.80785714285714323,14337.8,0
HYD,20161025,0.80785714285714323,0.80785714285714323,0.78928571428571465,0.78928571428571465,43809.8,0
HYD,20161026,0.78928571428571465,0.78928571428571465,0.77071428571428607,0.78000000000000036,26930,0
HYD,20161027,0.78000000000000036,0.79857142857142894,0.78000000000000036,0.79857142857142894,757.4,0
HYD,20161028,0.80785714285714323,0.80785714285714323,0.78000000000000036,0.78928571428571465,25063.7,0
HYD,20161031,0.78928571428571465,0.78928571428571465,0.69642857142857175,0.73357142857142891,112260.5,0
HYD,20161101,0.73357142857142891,0.73357142857142891,0.70571428571428604,0.70571428571428604,9068.3,0
HYD,20161102,0.69642857142857175,0.69642857142857175,0.64071428571428601,0.65928571428571459,101805.7,0
HYD,20161103,0.6500000000000003,0.6500000000000003,0.57571428571428598,0.62214285714285743,87363.4,0
HYD,20161104,0.6500000000000003,0.69642857142857175,0.6500000000000003,0.68714285714285746,67003.4,0
HYD,20161107,0.66857142857142888,0.66857142857142888,0.62214285714285743,0.62214285714285743,47371.6,0
HYD,20161108,0.63142857142857172,0.63142857142857172,0.63142857142857172,0.63142857142857172,4347.7,0
HYD,20161109,0.63142857142857172,0.64071428571428601,0.57571428571428598,0.58500000000000027,48415.5,0
HYD,20161110,0.60357142857142885,0.63142857142857172,0.59428571428571456,0.59428571428571456,20647.9,0
HYD,20161111,0.60357142857142885,0.68714285714285746,0.60357142857142885,0.68714285714285746,44046,0
HYD,20161114,0.68714285714285746,0.68714285714285746,0.64071428571428601,0.64071428571428601,10812.2,0
HYD,20161115,0.6500000000000003,0.70571428571428604,0.6500000000000003,0.68714285714285746,49597.8,0
HYD,20161116,0.70571428571428604,0.70571428571428604,0.66857142857142888,0.66857142857142888,49467.6,0
HYD,20161117,0.66857142857142888,0.66857142857142888,0.56642857142857169,0.57571428571428598,178701.1,0
HYD,20161118,0.5571428571428574,0.5571428571428574,0.52000000000000024,0.54785714285714311,193231.2,0
HYD,20161121,0.54785714285714311,0.54785714285714311,0.52000000000000024,0.53857142857142882,75420.4,0
HYD,20161122,0.54785714285714311,0.54785714285714311,0.54785714285714311,0.54785714285714311,18199.6,0
HYD,20161123,0.54785714285714311,0.54785714285714311,0.52928571428571453,0.53857142857142882,44758,0
HYD,20161124,0.54785714285714311,0.63142857142857172,0.54785714285714311,0.63142857142857172,105392.2,0
HYD,20161125,0.60357142857142885,0.6500000000000003,0.56642857142857169,0.56642857142857169,79888.4,0
HYD,20161128,0.61285714285714314,0.61285714285714314,0.61285714285714314,0.61285714285714314,1296.8,0
HYD,20161129,0.58500000000000027,0.62214285714285743,0.58500000000000027,0.59428571428571456,19606.2,0
HYD,20161130,0.60357142857142885,0.66857142857142888,0.60357142857142885,0.63142857142857172,31558.9,0
HYD,20161201,0.62214285714285743,0.62214285714285743,0.59428571428571456,0.59428571428571456,56442.1,0
HYD,20161202,0.62214285714285743,0.62214285714285743,0.62214285714285743,0.62214285714285743,16674.7,0
HYD,20161205,0.62214285714285743,0.62214285714285743,0.61285714285714314,0.61285714285714314,12921.6,0
HYD,20161206,0.61285714285714314,0.62214285714285743,0.61285714285714314,0.61285714285714314,32563.5,0
HYD,20161207,0.61285714285714314,0.63142857142857172,0.58500000000000027,0.62214285714285743,73113.6,0
HYD,20161208,0.62214285714285743,0.6500000000000003,0.60357142857142885,0.64071428571428601,85824.7,0
HYD,20161209,0.62214285714285743,0.65928571428571459,0.62214285714285743,0.6500000000000003,47629,0
HYD,20161212,0.6500000000000003,0.6500000000000003,0.59428571428571456,0.60357142857142885,74360.9,0
HYD,20161213,0.63142857142857172,0.63142857142857172,0.59428571428571456,0.59428571428571456,48933.7,0
HYD,20161214,0.60357142857142885,0.60357142857142885,0.59428571428571456,0.59428571428571456,19976.9,0
HYD,20161215,0.59428571428571456,0.59428571428571456,0.58500000000000027,0.58500000000000027,15342.1,0
HYD,20161216,0.58500000000000027,0.60357142857142885,0.58500000000000027,0.58500000000000027,21155.6,0
HYD,20161219,0.59428571428571456,0.59428571428571456,0.56642857142857169,0.56642857142857169,18814,0
HYD,20161220,0.56642857142857169,0.56642857142857169,0.56642857142857169,0.56642857142857169,2199.5,0
HYD,20161221,0.57571428571428598,0.57571428571428598,0.56642857142857169,0.56642857142857169,15581.9,0
HYD,20161222,0.56642857142857169,0.56642857142857169,0.54785714285714311,0.54785714285714311,43964.1,0
HYD,20161223,0.5571428571428574,0.5571428571428574,0.54785714285714311,0.54785714285714311,4000,0
HYD,20161226,0.54785714285714311,0.54785714285714311,0.54785714285714311,0.54785714285714311,0,0
HYD,20161227,0.54785714285714311,0.54785714285714311,0.54785714285714311,0.54785714285714311,0,0
HYD,20161228,0.54785714285714311,0.54785714285714311,0.50142857142857166,0.51071428571428595,90941.2,0
HYD,20161229,0.54785714285714311,0.54785714285714311,0.51071428571428595,0.51071428571428595,19860.3,0
HYD,20161230,0.51071428571428595,0.51071428571428595,0.51071428571428595,0.51071428571428595,0,0
HYD,20170102,0.51071428571428595,0.51071428571428595,0.51071428571428595,0.51071428571428595,0,0
HYD,20170103,0.52000000000000024,0.52000000000000024,0.49214285714285737,0.49214285714285737,5516.2,0
HYD,20170104,0.50142857142857166,0.50142857142857166,0.48285714285714308,0.49214285714285737,35761.4,0
HYD,20170105,0.49214285714285737,0.52000000000000024,0.48285714285714308,0.52000000000000024,19195.1,0
HYD,20170106,0.52000000000000024,0.52000000000000024,0.51071428571428595,0.51071428571428595,6092.9,0
HYD,20170109,0.48285714285714308,0.51071428571428595,0.48285714285714308,0.51071428571428595,16732.9,0
HYD,20170110,0.52000000000000024,0.52000000000000024,0.52000000000000024,0.52000000000000024,14447.8,0
HYD,20170111,0.52928571428571453,0.57571428571428598,0.52928571428571453,0.53857142857142882,58012,0
HYD,20170112,0.54785714285714311,0.54785714285714311,0.52000000000000024,0.52000000000000024,31863.9,0
HYD,20170113,0.52000000000000024,0.60357142857142885,0.52000000000000024,0.57571428571428598,116225,0
HYD,20170116,0.57571428571428598,0.60357142857142885,0.57571428571428598,0.60357142857142885,54555.5,0
HYD,20170117,0.60357142857142885,0.67785714285714317,0.60357142857142885,0.6500000000000003,223459.9,0
HYD,20170118,0.65928571428571459,0.67785714285714317,0.64071428571428601,0.64071428571428601,55515,0
HYD,20170119,0.66857142857142888,0.69642857142857175,0.6500000000000003,0.6500000000000003,147038.2,0
HYD,20170120,0.6500000000000003,0.6500000000000003,0.61285714285714314,0.63142857142857172,55790.7,0
HYD,20170123,0.6500000000000003,0.6500000000000003,0.58500000000000027,0.60357142857142885,69657.9,0
HYD,20170124,0.63142857142857172,0.63142857142857172,0.58500000000000027,0.59428571428571456,32123.6,0
HYD,20170125,0.58500000000000027,0.60357142857142885,0.57571428571428598,0.57571428571428598,9861.3,0
HYD,20170126,0.57571428571428598,0.57571428571428598,0.57571428571428598,0.57571428571428598,0,0
HYD,20170127,0.57571428571428598,0.61285714285714314,0.57571428571428598,0.57571428571428598,58551.8,0
HYD,20170130,0.60357142857142885,0.60357142857142885,0.56642857142857169,0.56642857142857169,11336.6,0
HYD,20170131,0.57571428571428598,0.57571428571428598,0.5571428571428574,0.5571428571428574,59848.2,0
HYD,20170201,0.53857142857142882,0.54785714285714311,0.52928571428571453,0.54785714285714311,75109.6,0
HYD,20170202,0.53857142857142882,0.5571428571428574,0.53857142857142882,0.54785714285714311,38645.4,0
HYD,20170203,0.5571428571428574,0.56642857142857169,0.5571428571428574,0.56642857142857169,46167.8,0
HYD,20170206,0.5571428571428574,0.58500000000000027,0.5571428571428574,0.5571428571428574,38877.9,0
HYD,20170207,0.56642857142857169,0.56642857142857169,0.53857142857142882,0.53857142857142882,39164.4,0
HYD,20170208,0.54785714285714311,0.54785714285714311,0.52928571428571453,0.54785714285714311,75955.4,0
HYD,20170209,0.52928571428571453,0.52928571428571453,0.51071428571428595,0.51071428571428595,72200.9,0
HYD,20170210,0.52928571428571453,0.52928571428571453,0.51071428571428595,0.51071428571428595,46206,0
HYD,20170213,0.51071428571428595,0.52928571428571453,0.51071428571428595,0.51071428571428595,32014.4,0
HYD,20170214,0.52928571428571453,0.54785714285714311,0.51071428571428595,0.52928571428571453,96488.7,0
HYD,20170215,0.52000000000000024,0.52000000000000024,0.51071428571428595,0.51071428571428595,91153.3,0
HYD,20170216,0.52000000000000024,0.52000000000000024,0.47357142857142879,0.49214285714285737,253190,0
HYD,20170217,0.4642857142857145,0.47357142857142879,0.45500000000000021,0.4642857142857145,81674.8,0
HYD,20170220,0.47357142857142879,0.47357142857142879,0.43642857142857163,0.45500000000000021,131153,0
HYD,20170221,0.45500000000000021,0.45500000000000021,0.42714285714285734,0.43642857142857163,61173.2,0
HYD,20170222,0.44571428571428592,0.44571428571428592,0.42714285714285734,0.42714285714285734,29387.6,0
HYD,20170223,0.42714285714285734,0.43642857142857163,0.40857142857142876,0.42714285714285734,93059.2,0
HYD,20170224,0.42714285714285734,0.42714285714285734,0.41785714285714305,0.41785714285714305,33113,0
HYD,20170227,0.42714285714285734,0.42714285714285734,0.41785714285714305,0.41785714285714305,40416.7,0
HYD,20170228,0.42714285714285734,0.44571428571428592,0.41785714285714305,0.44571428571428592,51883.1,0
HYD,20170301,0.44571428571428592,0.47357142857142879,0.44571428571428592,0.4642857142857145,39914.5,0
HYD,20170302,0.4642857142857145,0.4642857142857145,0.42714285714285734,0.42714285714285734,53000,0
HYD,20170303,0.42714285714285734,0.47357142857142879,0.42714285714285734,0.44571428571428592,14260.7,0
HYD,20170306,0.4642857142857145,0.47357142857142879,0.45500000000000021,0.4642857142857145,23364,0
HYD,20170307,0.4642857142857145,0.48285714285714308,0.45500000000000021,0.4642857142857145,90119,0
HYD,20170308,0.47357142857142879,0.48285714285714308,0.45500000000000021,0.45500000000000021,70029.9,0
HYD,20170309,0.43642857142857163,0.44571428571428592,0.41785714285714305,0.42714285714285734,76347.3,0
HYD,20170310,0.41785714285714305,0.42714285714285734,0.41785714285714305,0.41785714285714305,56683,0
HYD,20170313,0.41785714285714305,0.41785714285714305,0.40857142857142876,0.40857142857142876,31793.7,0
HYD,20170314,0.40857142857142876,0.41785714285714305,0.40857142857142876,0.41785714285714305,15330.7,0
HYD,20170315,0.41785714285714305,0.43642857142857163,0.41785714285714305,0.41785714285714305,38021.1,0
HYD,20170316,0.41785714285714305,0.41785714285714305,0.41785714285714305,0.41785714285714305,3397,0
HYD,20170317,0.41785714285714305,0.42714285714285734,0.41785714285714305,0.42714285714285734,14561.8,0
HYD,20170320,0.42714285714285734,0.43642857142857163,0.42714285714285734,0.43642857142857163,6484.9,0
HYD,20170321,0.44571428571428592,0.48285714285714308,0.44571428571428592,0.45500000000000021,91869.3,0
HYD,20170322,0.44571428571428592,0.4642857142857145,0.44571428571428592,0.4642857142857145,42368.6,0
HYD,20170323,0.45500000000000021,0.45500000000000021,0.45500000000000021,0.45500000000000021,13794,0
HYD,20170324,0.45500000000000021,0.4642857142857145,0.43642857142857163,0.45500000000000021,17040.2,0
HYD,20170327,0.45500000000000021,0.45500000000000021,0.45500000000000021,0.45500000000000021,0,0
HYD,20170328,0.43642857142857163,0.44571428571428592,0.41785714285714305,0.41785714285714305,54343.4,0
HYD,20170329,0.42714285714285734,0.42714285714285734,0.40857142857142876,0.40857142857142876,44113,0
HYD,20170330,0.40857142857142876,0.40857142857142876,0.39000000000000018,0.39000000000000018,48818,0
HYD,20170331,0.39000000000000018,0.39000000000000018,0.38071428571428589,0.38071428571428589,55425.6,0
HYD,20170403,0.39000000000000018,0.39000000000000018,0.3714285714285716,0.3714285714285716,28733.5,0
HYD,20170404,0.38071428571428589,0.38071428571428589,0.3714285714285716,0.3714285714285716,30292.4,0
HYD,20170405,0.39000000000000018,0.39000000000000018,0.38071428571428589,0.38071428571428589,79275,0
HYD,20170406,0.38071428571428589,0.38071428571428589,0.38071428571428589,0.38071428571428589,16911.5,0
HYD,20170407,0.41785714285714305,0.42714285714285734,0.39928571428571447,0.39928571428571447,84118.8,0
HYD,20170410,0.39928571428571447,0.39928571428571447,0.38071428571428589,0.38071428571428589,60410.2,0
HYD,20170411,0.39928571428571447,0.43642857142857163,0.39928571428571447,0.42714285714285734,99028.4,0
HYD,20170412,0.42714285714285734,0.4642857142857145,0.42714285714285734,0.45500000000000021,52914,0
HYD,20170413,0.45500000000000021,0.47357142857142879,0.41785714285714305,0.41785714285714305,140747.8,0
HYD,20170414,0.41785714285714305,0.41785714285714305,0.41785714285714305,0.41785714285714305,0,0
HYD,20170417,0.41785714285714305,0.41785714285714305,0.41785714285714305,0.41785714285714305,0,0
HYD,20170418,0.42714285714285734,0.45500000000000021,0.41785714285714305,0.41785714285714305,46219.9,0
HYD,20170419,0.43642857142857163,0.43642857142857163,0.43642857142857163,0.43642857142857163,2500,0
HYD,20170420,0.43642857142857163,0.44571428571428592,0.43642857142857163,0.43642857142857163,60353.3,0
HYD,20170421,0.43642857142857163,0.43642857142857163,0.43642857142857163,0.43642857142857163,21161.2,0
HYD,20170424,0.42714285714285734,0.42714285714285734,0.42714285714285734,0.42714285714285734,1272.2,0
HYD,20170425,0.42714285714285734,0.42714285714285734,0.42714285714285734,0.42714285714285734,0,0
HYD,20170426,0.45500000000000021,0.45500000000000021,0.42714285714285734,0.42714285714285734,31732.2,0
HYD,20170427,0.44571428571428592,0.45500000000000021,0.41785714285714305,0.41785714285714305,36345.2,0
HYD,20170428,0.42714285714285734,0.42714285714285734,0.41785714285714305,0.41785714285714305,26831.4,0
HYD,20170501,0.41785714285714305,0.43642857142857163,0.41785714285714305,0.43642857142857163,61187.2,0
HYD,20170502,0.43642857142857163,0.43642857142857163,0.42714285714285734,0.42714285714285734,5790,0
HYD,20170503,0.44571428571428592,0.44571428571428592,0.41785714285714305,0.42714285714285734,16577.6,0
HYD,20170504,0.41785714285714305,0.41785714285714305,0.39928571428571447,0.39928571428571447,101564.8,0
HYD,20170505,0.41785714285714305,0.41785714285714305,0.39928571428571447,0.39928571428571447,53969.6,0
HYD,20170508,0.39928571428571447,0.39928571428571447,0.39928571428571447,0.39928571428571447,42588.2,0
HYD,20170509,0.39928571428571447,0.39928571428571447,0.39928571428571447,0.39928571428571447,7400,0
HYD,20170510,0.39000000000000018,0.39928571428571447,0.39000000000000018,0.39928571428571447,21320,0
HYD,20170511,0.39928571428571447,0.39928571428571447,0.38071428571428589,0.38071428571428589,18859.8,0
HYD,20170512,0.3714285714285716,0.38071428571428589,0.3714285714285716,0.38071428571428589,8016.4,0
HYD,20170515,0.39000000000000018,0.39000000000000018,0.3714285714285716,0.3714285714285716,27669,0
HYD,20170516,0.39000000000000018,0.39928571428571447,0.3714285714285716,0.3714285714285716,93234.9,0
HYD,20170517,0.3714285714285716,0.38071428571428589,0.36214285714285731,0.36214285714285731,39805.8,0
HYD,20170518,0.36214285714285731,0.36214285714285731,0.36214285714285731,0.36214285714285731,4203.4,0
HYD,20170519,0.35285714285714302,0.3714285714285716,0.35285714285714302,0.36214285714285731,16657,0
HYD,20170522,0.35285714285714302,0.3714285714285716,0.35285714285714302,0.35285714285714302,39677.3,0
HYD,20170523,0.35285714285714302,0.35285714285714302,0.35285714285714302,0.35285714285714302,568.5,0
HYD,20170524,0.34357142857142873,0.34357142857142873,0.34357142857142873,0.34357142857142873,10405.4,0
HYD,20170525,0.3714285714285716,0.44571428571428592,0.36214285714285731,0.42714285714285734,383238.4,0
HYD,20170526,0.41785714285714305,0.41785714285714305,0.38071428571428589,0.38071428571428589,190695,0
HYD,20170529,0.38071428571428589,0.44571428571428592,0.38071428571428589,0.41785714285714305,170523.9,0
HYD,20170530,0.42714285714285734,0.42714285714285734,0.39928571428571447,0.39928571428571447,24630,0
HYD,20170531,0.41785714285714305,0.41785714285714305,0.40857142857142876,0.41785714285714305,3248.1,0
HYD,20170601,0.41785714285714305,0.41785714285714305,0.39928571428571447,0.39928571428571447,17133.5,0
HYD,20170602,0.40857142857142876,0.40857142857142876,0.40857142857142876,0.40857142857142876,5000,0
HYD,20170605,0.40857142857142876,0.40857142857142876,0.40857142857142876,0.40857142857142876,3684.7,0
HYD,20170606,0.40857142857142876,0.40857142857142876,0.38071428571428589,0.38071428571428589,29084.7,0
HYD,20170607,0.38071428571428589,0.38071428571428589,0.38071428571428589,0.38071428571428589,12446.8,0
HYD,20170608,0.38071428571428589,0.39000000000000018,0.38071428571428589,0.39000000000000018,13877,0
HYD,20170609,0.39000000000000018,0.39000000000000018,0.38071428571428589,0.39000000000000018,4744.1,0
HYD,20170612,0.39000000000000018,0.39000000000000018,0.39000000000000018,0.39000000000000018,0,0
HYD,20170613,0.38071428571428589,0.38071428571428589,0.3714285714285716,0.3714285714285716,104268,0
HYD,20170614,0.3714285714285716,0.38071428571428589,0.3714285714285716,0.3714285714285716,35212.1,0
HYD,20170615,0.3714285714285716,0.3714285714285716,0.3714285714285716,0.3714285714285716,20799.5,0
HYD,20170616,0.38071428571428589,0.38071428571428589,0.3714285714285716,0.38071428571428589,6067.2,0
HYD,20170619,0.3714285714285716,0.3714285714285716,0.35285714285714302,0.35285714285714302,65463.2,0
HYD,20170620,0.36214285714285731,0.36214285714285731,0.33428571428571444,0.34357142857142873,63904.8,0
HYD,20170621,0.35285714285714302,0.35285714285714302,0.34357142857142873,0.34357142857142873,33033.3,0
HYD,20170622,0.36214285714285731,0.36214285714285731,0.35285714285714302,0.35285714285714302,35677.5,0
HYD,20170623,0.35285714285714302,0.3714285714285716,0.35285714285714302,0.3714285714285716,53596.4,0
HYD,20170626,0.3714285714285716,0.3714285714285716,0.35285714285714302,0.35285714285714302,1696.5,0
HYD,20170627,0.36214285714285731,0.36214285714285731,0.35285714285714302,0.35285714285714302,49611.9,0
HYD,20170628,0.36214285714285731,0.36214285714285731,0.35285714285714302,0.35285714285714302,26703.3,0
HYD,20170629,0.35285714285714302,0.36214285714285731,0.35285714285714302,0.35285714285714302,14711.9,0
HYD,20170630,0.36214285714285731,0.36214285714285731,0.34357142857142873,0.35285714285714302,99974.9,0
HYD,20170703,0.35285714285714302,0.35285714285714302,0.35285714285714302,0.35285714285714302,2140,0
HYD,20170704,0.36214285714285731,0.38071428571428589,0.36214285714285731,0.38071428571428589,45446.3,0
HYD,20170705,0.39000000000000018,0.39000000000000018,0.36214285714285731,0.36214285714285731,7950,0
HYD,20170706,0.36214285714285731,0.39000000000000018,0.36214285714285731,0.39000000000000018,81714.4,0
HYD,20170707,0.3714285714285716,0.40857142857142876,0.3714285714285716,0.38071428571428589,43247.3,0
HYD,20170710,0.38071428571428589,0.43642857142857163,0.38071428571428589,0.43642857142857163,38117.9,0
HYD,20170711,0.43642857142857163,0.50142857142857166,0.41785714285714305,0.42714285714285734,353200.1,0
HYD,20170712,0.44571428571428592,0.45500000000000021,0.39000000000000018,0.41785714285714305,63822.1,0
HYD,20170713,0.44571428571428592,0.48285714285714308,0.42714285714285734,0.4642857142857145,83600.1,0
HYD,20170714,0.47357142857142879,0.52000000000000024,0.4642857142857145,0.51071428571428595,91937.2,0
HYD,20170717,0.52000000000000024,0.52000000000000024,0.49214285714285737,0.49214285714285737,5533,0
HYD,20170718,0.5571428571428574,0.81714285714285752,0.52928571428571453,0.78928571428571465,1448272.9,0
HYD,20170719,0.78928571428571465,0.82642857142857181,0.6500000000000003,0.6500000000000003,741505.3,0
HYD,20170720,0.67785714285714317,0.67785714285714317,0.60357142857142885,0.62214285714285743,218550.2,0
HYD,20170721,0.61285714285714314,0.78928571428571465,0.61285714285714314,0.75214285714285749,724478.4,0
HYD,20170724,0.76142857142857178,0.76142857142857178,0.70571428571428604,0.70571428571428604,70830.3,0
HYD,20170725,0.73357142857142891,0.90071428571428613,0.71500000000000033,0.88214285714285755,1022736.4,0
HYD,20170726,0.86357142857142897,0.97500000000000045,0.84500000000000039,0.84500000000000039,811432.8,0
HYD,20170727,0.88214285714285755,0.89142857142857184,0.79857142857142894,0.79857142857142894,360793.2,0
HYD,20170728,0.80785714285714323,0.90071428571428613,0.78928571428571465,0.89142857142857184,291046.8,0
HYD,20170731,0.89142857142857184,0.97500000000000045,0.88214285714285755,0.88214285714285755,657478.1,0
HYD,20170801,0.91000000000000042,1.1142857142857148,0.91000000000000042,0.97500000000000045,708879.5,0
HYD,20170802,1.06785714285714335,1.16071428571428625,1.0214285714285719,1.06785714285714335,532819.9,0
HYD,20170803,1.1142857142857148,1.16071428571428625,1.06785714285714335,1.06785714285714335,281400.2,0
HYD,20170804,1.06785714285714335,1.1142857142857148,1.0214285714285719,1.0214285714285719,91987.4,0
HYD,20170807,1.0214285714285719,1.06785714285714335,1.0214285714285719,1.0214285714285719,133153.4,0
HYD,20170808,1.06785714285714335,1.06785714285714335,0.928571428571429,0.928571428571429,139747.8,0
HYD,20170809,0.97500000000000045,0.97500000000000045,0.89142857142857184,0.89142857142857184,80287.2,0
HYD,20170810,0.88214285714285755,0.88214285714285755,0.82642857142857181,0.82642857142857181,193846,0
HYD,20170811,0.82642857142857181,0.82642857142857181,0.80785714285714323,0.80785714285714323,42347.9,0
HYD,20170814,0.81714285714285752,0.85428571428571468,0.81714285714285752,0.85428571428571468,33074.8,0
HYD,20170815,0.86357142857142897,0.91000000000000042,0.8357142857142861,0.86357142857142897,73241.6,0
HYD,20170816,0.90071428571428613,0.928571428571429,0.88214285714285755,0.91928571428571471,170918.2,0
HYD,20170817,0.91000000000000042,0.91000000000000042,0.85428571428571468,0.85428571428571468,62107.3,0
HYD,20170818,0.88214285714285755,0.89142857142857184,0.87285714285714326,0.89142857142857184,20557.2,0
HYD,20170821,0.91928571428571471,0.91928571428571471,0.85428571428571468,0.85428571428571468,47144.6,0
HYD,20170822,0.87285714285714326,0.87285714285714326,0.8357142857142861,0.8357142857142861,19027.3,0
HYD,20170823,0.85428571428571468,0.88214285714285755,0.85428571428571468,0.88214285714285755,12492.9,0
HYD,20170824,0.89142857142857184,0.89142857142857184,0.87285714285714326,0.87285714285714326,6619.2,0
HYD,20170825,0.91000000000000042,0.91000000000000042,0.88214285714285755,0.88214285714285755,15834.8,0
HYD,20170828,0.86357142857142897,0.89142857142857184,0.86357142857142897,0.86357142857142897,29850.2,0
HYD,20170829,0.88214285714285755,0.88214285714285755,0.85428571428571468,0.86357142857142897,13794,0
HYD,20170830,0.86357142857142897,0.86357142857142897,0.82642857142857181,0.84500000000000039,34191.3,0
HYD,20170831,0.8357142857142861,0.85428571428571468,0.78928571428571465,0.78928571428571465,61334.3,0
HYD,20170901,0.78928571428571465,0.78928571428571465,0.72428571428571462,0.75214285714285749,88759.3,0
HYD,20170904,0.76142857142857178,0.77071428571428607,0.66857142857142888,0.75214285714285749,143952.8,0
HYD,20170905,0.75214285714285749,1.16071428571428625,0.7428571428571432,1.16071428571428625,929545.5,0
HYD,20170906,1.1142857142857148,1.1142857142857148,0.94714285714285758,1.0214285714285719,333545.9,0
HYD,20170907,1.0214285714285719,1.06785714285714335,0.97500000000000045,0.97500000000000045,65840.7,0
HYD,20170908,1.0214285714285719,1.06785714285714335,1.0214285714285719,1.0214285714285719,77406.5,0
HYD,20170911,1.06785714285714335,1.1142857142857148,0.97500000000000045,0.97500000000000045,102429,0
HYD,20170912,1.0214285714285719,1.0214285714285719,0.97500000000000045,1.0214285714285719,96173.1,0
HYD,20170913,1.0214285714285719,1.06785714285714335,0.97500000000000045,0.97500000000000045,19970.2,0
HYD,20170914,0.97500000000000045,1.06785714285714335,0.97500000000000045,1.0214285714285719,54177.6,0
HYD,20170915,1.06785714285714335,1.16071428571428625,1.06785714285714335,1.1142857142857148,241698.5,0
HYD,20170918,1.1142857142857148,1.1142857142857148,1.06785714285714335,1.06785714285714335,79440,0
HYD,20170919,1.06785714285714335,1.1142857142857148,1.04000000000000048,1.1142857142857148,44724.4,0
HYD,20170920,1.1142857142857148,1.1142857142857148,1.1142857142857148,1.1142857142857148,5840,0
HYD,20170921,1.1142857142857148,1.1142857142857148,1.0214285714285719,1.1142857142857148,67215.2,0
HYD,20170922,1.06785714285714335,1.1142857142857148,1.0214285714285719,1.0214285714285719,79728,0
HYD,20170925,1.06785714285714335,1.06785714285714335,1.0214285714285719,1.0214285714285719,102895,0
HYD,20170926,1.0214285714285719,1.0214285714285719,0.89142857142857184,0.89142857142857184,204134.8,0
HYD,20170927,0.85428571428571468,0.85428571428571468,0.77071428571428607,0.78928571428571465,241547.1,0
HYD,20170928,0.78928571428571465,0.79857142857142894,0.75214285714285749,0.75214285714285749,101507.6,0
HYD,20170929,0.77071428571428607,0.78000000000000036,0.76142857142857178,0.78000000000000036,31522,0
HYD,20171002,0.78928571428571465,0.78928571428571465,0.76142857142857178,0.77071428571428607,54307.7,0
HYD,20171003,0.77071428571428607,0.77071428571428607,0.72428571428571462,0.73357142857142891,112955.4,0
HYD,20171004,0.73357142857142891,0.82642857142857181,0.73357142857142891,0.78928571428571465,43639.1,0
HYD,20171005,0.78000000000000036,0.78000000000000036,0.70571428571428604,0.73357142857142891,80720.9,0
HYD,20171006,0.7428571428571432,0.75214285714285749,0.7428571428571432,0.75214285714285749,21628.5,0
HYD,20171009,0.75214285714285749,0.75214285714285749,0.75214285714285749,0.75214285714285749,0,0
HYD,20171010,0.75214285714285749,0.75214285714285749,0.75214285714285749,0.75214285714285749,0,0
HYD,20171011,0.76142857142857178,0.78928571428571465,0.76142857142857178,0.78928571428571465,12194.8,0
HYD,20171012,0.78000000000000036,0.87285714285714326,0.78000000000000036,0.82642857142857181,47032.9,0
HYD,20171013,0.84500000000000039,0.91000000000000042,0.8357142857142861,0.89142857142857184,81642.2,0
HYD,20171016,0.89142857142857184,0.89142857142857184,0.89142857142857184,0.89142857142857184,0,0
HYD,20171017,0.82642857142857181,0.82642857142857181,0.78928571428571465,0.79857142857142894,47934.3,0
HYD,20171018,0.81714285714285752,0.8357142857142861,0.75214285714285749,0.75214285714285749,56617.4,0
HYD,20171019,0.75214285714285749,0.78000000000000036,0.73357142857142891,0.75214285714285749,24123.8,0
HYD,20171020,0.75214285714285749,0.78928571428571465,0.75214285714285749,0.77071428571428607,38343,0
HYD,20171023,0.77071428571428607,0.77071428571428607,0.75214285714285749,0.75214285714285749,29995.6,0
HYD,20171024,0.75214285714285749,0.76142857142857178,0.75214285714285749,0.76142857142857178,10736.6,0
HYD,20171025,0.78928571428571465,0.78928571428571465,0.7428571428571432,0.7428571428571432,31056.8,0
HYD,20171026,0.76142857142857178,0.76142857142857178,0.75214285714285749,0.75214285714285749,18826.2,0
HYD,20171027,0.76142857142857178,0.77071428571428607,0.75214285714285749,0.75214285714285749,8975.7,0
HYD,20171030,0.75214285714285749,0.77071428571428607,0.72428571428571462,0.77071428571428607,39313.2,0
HYD,20171031,0.7428571428571432,0.78928571428571465,0.7428571428571432,0.77071428571428607,50995.3,0
HYD,20171101,0.79857142857142894,0.81714285714285752,0.76142857142857178,0.76142857142857178,14665.8,0
HYD,20171102,0.78928571428571465,0.80785714285714323,0.78000000000000036,0.79857142857142894,3903.7,0
HYD,20171103,0.79857142857142894,0.79857142857142894,0.78000000000000036,0.78000000000000036,19763.7,0
HYD,20171106,0.78000000000000036,0.78000000000000036,0.77071428571428607,0.78000000000000036,17453.4,0
HYD,20171107,0.76142857142857178,0.76142857142857178,0.70571428571428604,0.71500000000000033,82868.5,0
HYD,20171108,0.71500000000000033,0.76142857142857178,0.66857142857142888,0.76142857142857178,62055.1,0
HYD,20171109,0.76142857142857178,0.77071428571428607,0.7428571428571432,0.7428571428571432,38464.2,0
HYD,20171110,0.75214285714285749,0.82642857142857181,0.75214285714285749,0.82642857142857181,71749.7,0
HYD,20171113,0.84500000000000039,0.89142857142857184,0.8357142857142861,0.87285714285714326,133046.1,0
HYD,20171114,0.90071428571428613,0.90071428571428613,0.75214285714285749,0.79857142857142894,190426.8,0
HYD,20171115,0.80785714285714323,0.85428571428571468,0.80785714285714323,0.8357142857142861,55756.7,0
HYD,20171116,0.82642857142857181,0.8357142857142861,0.76142857142857178,0.76142857142857178,88951,0
HYD,20171117,0.79857142857142894,0.81714285714285752,0.78928571428571465,0.78928571428571465,59936.6,0
HYD,20171120,0.78928571428571465,0.78928571428571465,0.78000000000000036,0.78000000000000036,43625.1,0
HYD,20171121,0.78928571428571465,0.78928571428571465,0.77071428571428607,0.77071428571428607,49427.1,0
HYD,20171122,0.79857142857142894,0.79857142857142894,0.73357142857142891,0.7428571428571432,55995.8,0
HYD,20171123,0.76142857142857178,0.76142857142857178,0.66857142857142888,0.66857142857142888,154372.1,0
HYD,20171124,0.67785714285714317,0.68714285714285746,0.66857142857142888,0.66857142857142888,92274.1,0
HYD,20171127,0.69642857142857175,0.69642857142857175,0.6500000000000003,0.65928571428571459,47647.6,0
HYD,20171128,0.66857142857142888,0.70571428571428604,0.66857142857142888,0.68714285714285746,77215.5,0
HYD,20171129,0.66857142857142888,0.66857142857142888,0.65928571428571459,0.65928571428571459,21792.6,0
HYD,20171130,0.65928571428571459,0.68714285714285746,0.6500000000000003,0.68714285714285746,32477,0
HYD,20171201,0.68714285714285746,0.69642857142857175,0.65928571428571459,0.65928571428571459,45548.5,0
HYD,20171204,0.70571428571428604,0.71500000000000033,0.68714285714285746,0.68714285714285746,91451.6,0
HYD,20171205,0.69642857142857175,0.73357142857142891,0.69642857142857175,0.73357142857142891,38789.9,0
HYD,20171206,0.71500000000000033,0.71500000000000033,0.68714285714285746,0.68714285714285746,18653.3,0
HYD,20171207,0.70571428571428604,0.75214285714285749,0.70571428571428604,0.71500000000000033,68314.3,0
HYD,20171208,0.7428571428571432,0.7428571428571432,0.72428571428571462,0.72428571428571462,35325.7,0
HYD,20171211,0.73357142857142891,0.73357142857142891,0.71500000000000033,0.72428571428571462,21681.4,0
HYD,20171212,0.72428571428571462,0.73357142857142891,0.6500000000000003,0.65928571428571459,132113.9,0
HYD,20171213,0.67785714285714317,0.69642857142857175,0.65928571428571459,0.65928571428571459,26560.2,0
HYD,20171214,0.68714285714285746,0.69642857142857175,0.67785714285714317,0.67785714285714317,13525.2,0
HYD,20171215,0.68714285714285746,0.69642857142857175,0.67785714285714317,0.67785714285714317,72727.6,0
HYD,20171218,0.69642857142857175,0.71500000000000033,0.69642857142857175,0.70571428571428604,53494.6,0
HYD,20171219,0.68714285714285746,0.68714285714285746,0.6500000000000003,0.66857142857142888,124598.5,0
HYD,20171220,0.65928571428571459,0.65928571428571459,0.64071428571428601,0.64071428571428601,29085.6,0
HYD,20171221,0.69642857142857175,0.72428571428571462,0.68714285714285746,0.69642857142857175,129269.1,0
HYD,20171222,0.69642857142857175,0.69642857142857175,0.66857142857142888,0.66857142857142888,42070.8,0
HYD,20171225,0.66857142857142888,0.66857142857142888,0.66857142857142888,0.66857142857142888,0,0
HYD,20171226,0.66857142857142888,0.66857142857142888,0.66857142857142888,0.66857142857142888,0,0
HYD,20171227,0.67785714285714317,0.67785714285714317,0.66857142857142888,0.66857142857142888,19929.3,0
HYD,20171228,0.66857142857142888,0.70571428571428604,0.66857142857142888,0.67785714285714317,94116.5,0
HYD,20171229,0.69642857142857175,0.69642857142857175,0.68714285714285746,0.69642857142857175,25197.1,0
HYD,20180101,0.69642857142857175,0.69642857142857175,0.69642857142857175,0.69642857142857175,0,0
HYD,20180102,0.69642857142857175,0.69642857142857175,0.68714285714285746,0.69642857142857175,11635.5,0
HYD,20180103,0.69642857142857175,0.71500000000000033,0.69642857142857175,0.71500000000000033,27666.1,0
HYD,20180104,0.71500000000000033,0.71500000000000033,0.69642857142857175,0.69642857142857175,29866.5,0
HYD,20180105,0.97500000000000045,1.3000000000000006,0.97500000000000045,1.16071428571428625,1295291.1,0
HYD,20180108,1.16071428571428625,1.2071428571428577,1.16071428571428625,1.16071428571428625,378307.9,0
HYD,20180109,1.2071428571428577,1.2071428571428577,1.1142857142857148,1.16071428571428625,125689.6,0
HYD,20180110,1.2071428571428577,1.2071428571428577,1.06785714285714335,1.06785714285714335,188411.1,0
HYD,20180111,1.1142857142857148,1.1142857142857148,1.06785714285714335,1.06785714285714335,91279.1,0
HYD,20180112,1.1142857142857148,1.16071428571428625,1.06785714285714335,1.16071428571428625,168573.3,0
HYD,20180115,1.16071428571428625,1.43928571428571495,1.1142857142857148,1.3928571428571435,684155.4,0
HYD,20180116,1.3928571428571435,1.43928571428571495,1.3000000000000006,1.34642857142857205,232552.2,0
HYD,20180117,1.43928571428571495,1.43928571428571495,1.34642857142857205,1.34642857142857205,69345.3,0
HYD,20180118,1.3928571428571435,1.43928571428571495,1.3928571428571435,1.3928571428571435,129732.6,0
HYD,20180119,1.43928571428571495,1.43928571428571495,1.3000000000000006,1.3000000000000006,92647.8,0
HYD,20180122,1.34642857142857205,1.34642857142857205,1.25357142857142915,1.3000000000000006,64611.1,0
HYD,20180123,1.3000000000000006,1.43928571428571495,1.3000000000000006,1.3000000000000006,138467.3,0
HYD,20180124,1.3000000000000006,1.43928571428571495,1.3000000000000006,1.3928571428571435,113108.7,0
HYD,20180125,1.43928571428571495,1.4857142857142864,1.3928571428571435,1.3928571428571435,135491.3,0
HYD,20180126,1.3928571428571435,1.3928571428571435,1.3928571428571435,1.3928571428571435,0,0
HYD,20180129,1.3928571428571435,1.4857142857142864,1.3928571428571435,1.43928571428571495,122444.3,0
HYD,20180130,1.4857142857142864,1.4857142857142864,1.3928571428571435,1.43928571428571495,79494.6,0
HYD,20180131,1.43928571428571495,1.43928571428571495,1.3000000000000006,1.34642857142857205,68360.8,0
HYD,20180201,1.34642857142857205,1.34642857142857205,1.2071428571428577,1.2071428571428577,84988.9,0
HYD,20180202,1.3000000000000006,1.3000000000000006,1.2071428571428577,1.2071428571428577,116516.9,0
HYD,20180205,1.2071428571428577,1.2071428571428577,1.1142857142857148,1.1142857142857148,164581.1,0
HYD,20180206,1.1142857142857148,1.1142857142857148,0.91928571428571471,1.1142857142857148,316585.6,0
HYD,20180207,1.16071428571428625,1.2071428571428577,1.06785714285714335,1.06785714285714335,95238.1,0
HYD,20180208,1.1142857142857148,1.1142857142857148,1.06785714285714335,1.1142857142857148,15890.7,0
HYD,20180209,1.06785714285714335,1.06785714285714335,1.0214285714285719,1.0214285714285719,69819.5,0
HYD,20180212,1.0214285714285719,1.06785714285714335,1.0214285714285719,1.0214285714285719,12644.8,0
HYD,20180213,1.0214285714285719,1.06785714285714335,0.97500000000000045,0.97500000000000045,32977.6,0
HYD,20180214,1.0214285714285719,1.06785714285714335,0.97500000000000045,0.97500000000000045,31861.7,0
HYD,20180215,1.0214285714285719,1.0214285714285719,1.0214285714285719,1.0214285714285719,45304.6,0
HYD,20180216,1.0214285714285719,1.06785714285714335,0.97500000000000045,0.97500000000000045,23359.5,0
HYD,20180219,0.97500000000000045,0.97500000000000045,0.97500000000000045,0.97500000000000045,108141.7,0
HYD,20180220,0.928571428571429,0.928571428571429,0.91928571428571471,0.91928571428571471,88017.6,0
HYD,20180221,0.928571428571429,0.928571428571429,0.91928571428571471,0.928571428571429,15883.3,0
HYD,20180222,0.97500000000000045,0.97500000000000045,0.928571428571429,0.97500000000000045,65506.4,0
HYD,20180223,0.97500000000000045,0.97500000000000045,0.928571428571429,0.928571428571429,47159.5,0
HYD,20180226,0.928571428571429,0.97500000000000045,0.928571428571429,0.928571428571429,62430,0
HYD,20180227,0.97500000000000045,0.97500000000000045,0.928571428571429,0.928571428571429,13192.1,0
HYD,20180228,0.928571428571429,0.928571428571429,0.88214285714285755,0.89142857142857184,104524.4,0
HYD,20180301,0.88214285714285755,0.88214285714285755,0.85428571428571468,0.85428571428571468,71777.5,0
HYD,20180302,0.85428571428571468,0.86357142857142897,0.84500000000000039,0.84500000000000039,19225.6,0
HYD,20180305,0.85428571428571468,0.85428571428571468,0.79857142857142894,0.79857142857142894,184263.9,0
HYD,20180306,0.8357142857142861,0.8357142857142861,0.79857142857142894,0.80785714285714323,26422.7,0
HYD,20180307,0.80785714285714323,0.80785714285714323,0.79857142857142894,0.80785714285714323,23289.8,0
HYD,20180308,0.81714285714285752,0.928571428571429,0.81714285714285752,0.928571428571429,136928.2,0
HYD,20180309,0.97500000000000045,0.97500000000000045,0.89142857142857184,0.89142857142857184,92235.5,0
HYD,20180312,0.928571428571429,0.928571428571429,0.91000000000000042,0.928571428571429,19082.4,0
HYD,20180313,0.928571428571429,0.928571428571429,0.90071428571428613,0.90071428571428613,60839.1,0
HYD,20180314,0.928571428571429,0.928571428571429,0.86357142857142897,0.86357142857142897,76774.7,0
HYD,20180315,0.86357142857142897,0.90071428571428613,0.86357142857142897,0.88214285714285755,25307.2,0
HYD,20180316,0.87285714285714326,0.87285714285714326,0.86357142857142897,0.86357142857142897,4274.9,0
HYD,20180319,0.87285714285714326,0.88214285714285755,0.85428571428571468,0.85428571428571468,22427.4,0
HYD,20180320,0.86357142857142897,0.86357142857142897,0.8357142857142861,0.8357142857142861,58399,0
HYD,20180321,0.8357142857142861,0.84500000000000039,0.8357142857142861,0.84500000000000039,25148.8,0
HYD,20180322,0.87285714285714326,0.87285714285714326,0.85428571428571468,0.85428571428571468,18960,0
HYD,20180323,0.86357142857142897,0.86357142857142897,0.8357142857142861,0.8357142857142861,24653.8,0
HYD,20180326,0.85428571428571468,0.85428571428571468,0.82642857142857181,0.8357142857142861,32448.1,0
HYD,20180327,0.8357142857142861,0.8357142857142861,0.8357142857142861,0.8357142857142861,12979.5,0
HYD,20180328,0.8357142857142861,0.89142857142857184,0.8357142857142861,0.88214285714285755,47860.1,0
HYD,20180329,0.88214285714285755,0.88214285714285755,0.8357142857142861,0.8357142857142861,73304.2,0
HYD,20180330,0.8357142857142861,0.8357142857142861,0.8357142857142861,0.8357142857142861,0,0
HYD,20180402,0.8357142857142861,0.8357142857142861,0.8357142857142861,0.8357142857142861,0,0
HYD,20180403,0.88214285714285755,0.88214285714285755,0.81714285714285752,0.82642857142857181,86956.9,0
HYD,20180404,0.8357142857142861,0.8357142857142861,0.82642857142857181,0.82642857142857181,56366.5,0
HYD,20180405,0.82642857142857181,0.82642857142857181,0.79857142857142894,0.79857142857142894,35267.5,0
HYD,20180406,0.80785714285714323,0.80785714285714323,0.79857142857142894,0.79857142857142894,35731.1,0
HYD,20180409,0.79857142857142894,0.79857142857142894,0.7428571428571432,0.7428571428571432,75468.2,0
HYD,20180410,0.7428571428571432,0.76142857142857178,0.7428571428571432,0.76142857142857178,37506.9,0
HYD,20180411,0.76142857142857178,0.78000000000000036,0.76142857142857178,0.76142857142857178,21287.8,0
HYD,20180412,0.77071428571428607,0.78000000000000036,0.77071428571428607,0.78000000000000036,20674.3,0
HYD,20180413,0.77071428571428607,0.77071428571428607,0.76142857142857178,0.76142857142857178,26878.7,0
HYD,20180416,0.76142857142857178,0.77071428571428607,0.76142857142857178,0.76142857142857178,35765,0
HYD,20180417,0.76142857142857178,0.76142857142857178,0.7428571428571432,0.7428571428571432,28494.6,0
HYD,20180418,0.76142857142857178,0.76142857142857178,0.76142857142857178,0.76142857142857178,2519,0
HYD,20180419,0.76142857142857178,0.78000000000000036,0.76142857142857178,0.76142857142857178,6520,0
HYD,20180420,0.76142857142857178,0.78000000000000036,0.76142857142857178,0.76142857142857178,32046.4,0
HYD,20180423,0.76142857142857178,0.78928571428571465,0.76142857142857178,0.78000000000000036,73640.7,0
HYD,20180424,0.78000000000000036,0.78000000000000036,0.76142857142857178,0.76142857142857178,16113.3,0
HYD,20180425,0.76142857142857178,0.76142857142857178,0.76142857142857178,0.76142857142857178,0,0
HYD,20180426,0.76142857142857178,0.78928571428571465,0.76142857142857178,0.78000000000000036,73290.6,0
HYD,20180427,0.78928571428571465,0.78928571428571465,0.76142857142857178,0.76142857142857178,19722.6,0
HYD,20180430,0.77071428571428607,0.77071428571428607,0.76142857142857178,0.76142857142857178,52372,0
HYD,20180501,0.7428571428571432,0.7428571428571432,0.63142857142857172,0.64071428571428601,234348,0
HYD,20180502,0.6500000000000003,0.6500000000000003,0.62214285714285743,0.63142857142857172,72698.1,0
HYD,20180503,0.63142857142857172,0.63142857142857172,0.60357142857142885,0.60357142857142885,44973.4,0
HYD,20180504,0.60357142857142885,0.60357142857142885,0.58500000000000027,0.58500000000000027,40297.4,0
HYD,20180507,0.58500000000000027,0.58500000000000027,0.5571428571428574,0.5571428571428574,72661.6,0
HYD,20180508,0.5571428571428574,0.5571428571428574,0.48285714285714308,0.48285714285714308,134851.5,0
HYD,20180509,0.48285714285714308,0.52928571428571453,0.43642857142857163,0.52000000000000024,106480.6,0
HYD,20180510,0.51071428571428595,0.51071428571428595,0.49214285714285737,0.49214285714285737,16267.2,0
HYD,20180511,0.50142857142857166,0.50142857142857166,0.45500000000000021,0.45500000000000021,48911.8,0
HYD,20180514,0.4642857142857145,0.49214285714285737,0.44571428571428592,0.45500000000000021,41793,0
HYD,20180515,0.4642857142857145,0.51071428571428595,0.4642857142857145,0.48285714285714308,76797,0
HYD,20180516,0.48285714285714308,0.49214285714285737,0.45500000000000021,0.48285714285714308,37092,0
HYD,20180517,0.48285714285714308,0.48285714285714308,0.45500000000000021,0.45500000000000021,44463.7,0
HYD,20180518,0.4642857142857145,0.4642857142857145,0.45500000000000021,0.45500000000000021,29175.4,0
HYD,20180521,0.4642857142857145,0.4642857142857145,0.45500000000000021,0.45500000000000021,8337.6,0
HYD,20180522,0.48285714285714308,0.48285714285714308,0.4642857142857145,0.47357142857142879,19685.1,0
HYD,20180523,0.48285714285714308,0.48285714285714308,0.47357142857142879,0.48285714285714308,23136.7,0
HYD,20180524,0.48285714285714308,0.48285714285714308,0.48285714285714308,0.48285714285714308,0,0
HYD,20180525,0.51071428571428595,0.51071428571428595,0.48285714285714308,0.48285714285714308,27242.8,0
HYD,20180528,0.49214285714285737,0.49214285714285737,0.48285714285714308,0.48285714285714308,13666.8,0
HYD,20180529,0.48285714285714308,0.70571428571428604,0.48285714285714308,0.62214285714285743,185815.3,0
HYD,20180530,0.63142857142857172,0.63142857142857172,0.60357142857142885,0.61285714285714314,70321.8,0
HYD,20180531,0.61285714285714314,0.62214285714285743,0.57571428571428598,0.57571428571428598,18552,0
HYD,20180601,0.57571428571428598,0.57571428571428598,0.56642857142857169,0.57571428571428598,33195.9,0
HYD,20180604,0.56642857142857169,0.56642857142857169,0.53857142857142882,0.53857142857142882,22160.9,0
HYD,20180605,0.53857142857142882,0.53857142857142882,0.50142857142857166,0.51071428571428595,22020.9,0
HYD,20180606,0.50142857142857166,0.52928571428571453,0.49214285714285737,0.50142857142857166,21886.9,0
HYD,20180607,0.51071428571428595,0.51071428571428595,0.49214285714285737,0.49214285714285737,31043.9,0
HYD,20180608,0.49214285714285737,0.50142857142857166,0.49214285714285737,0.49214285714285737,18272.8,0
HYD,20180611,0.49214285714285737,0.49214285714285737,0.49214285714285737,0.49214285714285737,0,0
HYD,20180612,0.50142857142857166,0.50142857142857166,0.49214285714285737,0.49214285714285737,2866,0
HYD,20180613,0.49214285714285737,0.51071428571428595,0.49214285714285737,0.50142857142857166,5007.5,0
HYD,20180614,0.50142857142857166,0.50142857142857166,0.50142857142857166,0.50142857142857166,0,0
HYD,20180615,0.51071428571428595,0.51071428571428595,0.48285714285714308,0.48285714285714308,13484.9,0
HYD,20180618,0.49214285714285737,0.49214285714285737,0.48285714285714308,0.49214285714285737,41598.7,0
HYD,20180619,0.49214285714285737,0.49214285714285737,0.49214285714285737,0.49214285714285737,18131,0
HYD,20180620,0.49214285714285737,0.49214285714285737,0.49214285714285737,0.49214285714285737,33711.9,0
HYD,20180621,0.50142857142857166,0.50142857142857166,0.47357142857142879,0.49214285714285737,48660.1,0
HYD,20180622,0.48285714285714308,0.48285714285714308,0.47357142857142879,0.47357142857142879,17175.2,0
HYD,20180625,0.48285714285714308,0.48285714285714308,0.4642857142857145,0.4642857142857145,73941.2,0
HYD,20180626,0.47357142857142879,0.47357142857142879,0.45500000000000021,0.45500000000000021,52266.4,0
HYD,20180627,0.4642857142857145,0.4642857142857145,0.43642857142857163,0.44571428571428592,31127,0
HYD,20180628,0.44571428571428592,0.44571428571428592,0.42714285714285734,0.42714285714285734,70083.4,0
HYD,20180629,0.42714285714285734,0.43642857142857163,0.41785714285714305,0.43642857142857163,57779.1,0
HYD,20180702,0.43642857142857163,0.44571428571428592,0.42714285714285734,0.44571428571428592,10608.3,0
HYD,20180703,0.45500000000000021,0.45500000000000021,0.45500000000000021,0.45500000000000021,5000,0
HYD,20180704,0.45500000000000021,0.45500000000000021,0.43642857142857163,0.43642857142857163,14563.3,0
HYD,20180705,0.44571428571428592,0.44571428571428592,0.44571428571428592,0.44571428571428592,1100,0
HYD,20180706,0.44571428571428592,0.44571428571428592,0.43642857142857163,0.43642857142857163,8318.3,0
HYD,20180709,0.45500000000000021,0.45500000000000021,0.45500000000000021,0.45500000000000021,4303,0
HYD,20180710,0.44571428571428592,0.44571428571428592,0.44571428571428592,0.44571428571428592,1281.3,0
HYD,20180711,0.44571428571428592,0.44571428571428592,0.44571428571428592,0.44571428571428592,0,0
HYD,20180712,0.4642857142857145,0.47357142857142879,0.4642857142857145,0.47357142857142879,33739.1,0
HYD,20180713,0.49214285714285737,0.52000000000000024,0.49214285714285737,0.52000000000000024,31714.3,0
HYD,20180716,0.52000000000000024,0.54785714285714311,0.50142857142857166,0.50142857142857166,20541,0
HYD,20180717,0.50142857142857166,0.50142857142857166,0.50142857142857166,0.50142857142857166,2699.1,0
HYD,20180718,0.50142857142857166,0.50142857142857166,0.48285714285714308,0.48285714285714308,35371,0
HYD,20180719,0.48285714285714308,0.48285714285714308,0.48285714285714308,0.48285714285714308,24376.1,0
HYD,20180720,0.48285714285714308,0.48285714285714308,0.48285714285714308,0.48285714285714308,19190.6,0
HYD,20180723,0.48285714285714308,0.48285714285714308,0.48285714285714308,0.48285714285714308,0,0
HYD,20180724,0.48285714285714308,0.48285714285714308,0.48285714285714308,0.48285714285714308,4893.7,0
HYD,20180725,0.4642857142857145,0.47357142857142879,0.41785714285714305,0.44571428571428592,93556,0
HYD,20180726,0.44571428571428592,0.44571428571428592,0.42714285714285734,0.43642857142857163,25241.4,0
HYD,20180727,0.43642857142857163,0.43642857142857163,0.43642857142857163,0.43642857142857163,0,0
HYD,20180730,0.43642857142857163,0.43642857142857163,0.43642857142857163,0.43642857142857163,0,0
HYD,20180731,0.42714285714285734,0.42714285714285734,0.36214285714285731,0.38071428571428589,139262.8,0
HYD,20180801,0.39000000000000018,0.39000000000000018,0.3714285714285716,0.38071428571428589,65866.1,0
HYD,20180802,0.38071428571428589,0.39000000000000018,0.36214285714285731,0.3714285714285716,65761.8,0
HYD,20180803,0.3714285714285716,0.38071428571428589,0.36214285714285731,0.3714285714285716,82738.5,0
HYD,20180806,0.3714285714285716,0.38071428571428589,0.3714285714285716,0.38071428571428589,30062,0
HYD,20180807,0.39000000000000018,0.39000000000000018,0.3714285714285716,0.3714285714285716,53725.5,0
HYD,20180808,0.3714285714285716,0.3714285714285716,0.3714285714285716,0.3714285714285716,64.6,0
HYD,20180809,0.38071428571428589,0.38071428571428589,0.3714285714285716,0.3714285714285716,26242.3,0
HYD,20180810,0.3714285714285716,0.3714285714285716,0.3714285714285716,0.3714285714285716,0,0
HYD,20180813,0.3714285714285716,0.3714285714285716,0.3714285714285716,0.3714285714285716,14995.5,0
HYD,20180814,0.36214285714285731,0.3714285714285716,0.36214285714285731,0.3714285714285716,632.2,0
HYD,20180815,0.3714285714285716,0.3714285714285716,0.36214285714285731,0.36214285714285731,15220.7,0
HYD,20180816,0.36214285714285731,0.3714285714285716,0.36214285714285731,0.36214285714285731,153941.2,0
HYD,20180817,0.36214285714285731,0.36214285714285731,0.36214285714285731,0.36214285714285731,23947.8,0
HYD,20180820,0.3714285714285716,0.3714285714285716,0.36214285714285731,0.36214285714285731,92496.1,0
HYD,20180821,0.3714285714285716,0.3714285714285716,0.35285714285714302,0.36214285714285731,12663.7,0
HYD,20180822,0.36214285714285731,0.3714285714285716,0.34357142857142873,0.34357142857142873,197674.3,0
HYD,20180823,0.35285714285714302,0.35285714285714302,0.35285714285714302,0.35285714285714302,21310.8,0
HYD,20180824,0.35285714285714302,0.35285714285714302,0.34357142857142873,0.34357142857142873,57483.6,0
HYD,20180827,0.35285714285714302,0.35285714285714302,0.33428571428571444,0.34357142857142873,75673.9,0
HYD,20180828,0.33428571428571444,0.34357142857142873,0.31571428571428586,0.34357142857142873,147482.8,0
HYD,20180829,0.32500000000000015,0.33428571428571444,0.32500000000000015,0.32500000000000015,4836.2,0
HYD,20180830,0.33428571428571444,0.35285714285714302,0.33428571428571444,0.34357142857142873,29160.6,0
HYD,20180831,0.34357142857142873,0.40857142857142876,0.34357142857142873,0.39000000000000018,535096.6,0
HYD,20180903,0.39000000000000018,0.43642857142857163,0.38071428571428589,0.38071428571428589,152935.6,0
HYD,20180904,0.38071428571428589,0.38071428571428589,0.38071428571428589,0.38071428571428589,26607.8,0
HYD,20180905,0.39000000000000018,0.39928571428571447,0.39000000000000018,0.39000000000000018,98120.3,0
HYD,20180906,0.39928571428571447,0.39928571428571447,0.38071428571428589,0.38071428571428589,31272.6,0
HYD,20180907,0.39000000000000018,0.40857142857142876,0.38071428571428589,0.40857142857142876,30455.6,0
HYD,20180910,0.38071428571428589,0.38071428571428589,0.36214285714285731,0.3714285714285716,29161.1,0
HYD,20180911,0.3714285714285716,0.3714285714285716,0.35285714285714302,0.35285714285714302,67475.2,0
HYD,20180912,0.3714285714285716,0.3714285714285716,0.36214285714285731,0.36214285714285731,20373.9,0
HYD,20180913,0.36214285714285731,0.3714285714285716,0.34357142857142873,0.35285714285714302,34585.5,0
HYD,20180914,0.36214285714285731,0.36214285714285731,0.35285714285714302,0.35285714285714302,6228.3,0
HYD,20180917,0.35285714285714302,0.35285714285714302,0.35285714285714302,0.35285714285714302,1550,0
HYD,20180918,0.38071428571428589,0.39928571428571447,0.36214285714285731,0.36214285714285731,101264.2,0
HYD,20180919,0.38071428571428589,0.38071428571428589,0.36214285714285731,0.3714285714285716,75876.7,0
HYD,20180920,0.3714285714285716,0.3714285714285716,0.36214285714285731,0.36214285714285731,19816.3,0
HYD,20180921,0.35285714285714302,0.35285714285714302,0.35285714285714302,0.35285714285714302,36098.8,0
HYD,20180924,0.35285714285714302,0.35285714285714302,0.34357142857142873,0.35285714285714302,21075.7,0
HYD,20180925,0.34357142857142873,0.35285714285714302,0.34357142857142873,0.34357142857142873,15138,0
HYD,20180926,0.36214285714285731,0.36214285714285731,0.36214285714285731,0.36214285714285731,11446.1,0
HYD,20180927,0.36214285714285731,0.36214285714285731,0.34357142857142873,0.34357142857142873,55681.4,0
HYD,20180928,0.34357142857142873,0.34357142857142873,0.33428571428571444,0.34357142857142873,89121,0
HYD,20181001,0.32500000000000015,0.32500000000000015,0.31571428571428586,0.32500000000000015,83601.4,0
HYD,20181002,0.33428571428571444,0.33428571428571444,0.33428571428571444,0.33428571428571444,2519.3,0
HYD,20181003,0.33428571428571444,0.33428571428571444,0.33428571428571444,0.33428571428571444,2000,0
HYD,20181004,0.34357142857142873,0.34357142857142873,0.32500000000000015,0.33428571428571444,21706.8,0
HYD,20181005,0.34357142857142873,0.34357142857142873,0.33428571428571444,0.33428571428571444,4590.4,0
HYD,20181008,0.33428571428571444,0.33428571428571444,0.33428571428571444,0.33428571428571444,15000,0
HYD,20181009,0.32500000000000015,0.32500000000000015,0.32500000000000015,0.32500000000000015,20000,0
HYD,20181010,0.33428571428571444,0.36214285714285731,0.31571428571428586,0.36214285714285731,97516.7,0
HYD,20181011,0.33428571428571444,0.33428571428571444,0.31571428571428586,0.32500000000000015,30300,0
HYD,20181012,0.32500000000000015,0.33428571428571444,0.32500000000000015,0.32500000000000015,23080.5,0
HYD,20181015,0.32500000000000015,0.34357142857142873,0.32500000000000015,0.34357142857142873,33394,0
HYD,20181016,0.34357142857142873,0.34357142857142873,0.31571428571428586,0.31571428571428586,65668,0
HYD,20181017,0.31571428571428586,0.32500000000000015,0.31571428571428586,0.32500000000000015,5559.5,0
HYD,20181018,0.32500000000000015,0.32500000000000015,0.32500000000000015,0.32500000000000015,0,0
HYD,20181019,0.35285714285714302,0.47357142857142879,0.33428571428571444,0.41785714285714305,375821.8,0
HYD,20181022,0.40857142857142876,0.48285714285714308,0.39000000000000018,0.4642857142857145,638976.7,0
HYD,20181023,0.4642857142857145,0.52928571428571453,0.39000000000000018,0.39000000000000018,964030.5,0
HYD,20181024,0.39000000000000018,0.39000000000000018,0.35285714285714302,0.36214285714285731,397648.8,0
HYD,20181025,0.35285714285714302,0.3714285714285716,0.35285714285714302,0.35285714285714302,81936.4,0
HYD,20181026,0.38071428571428589,0.38071428571428589,0.35285714285714302,0.35285714285714302,37304.6,0
HYD,20181029,0.36214285714285731,0.38071428571428589,0.36214285714285731,0.38071428571428589,79018.2,0
HYD,20181030,0.36214285714285731,0.3714285714285716,0.36214285714285731,0.3714285714285716,12700,0
HYD,20181031,0.3714285714285716,0.3714285714285716,0.34357142857142873,0.34357142857142873,111739.1,0
HYD,20181101,0.35285714285714302,0.35285714285714302,0.34357142857142873,0.34357142857142873,40232.2,0
HYD,20181102,0.35285714285714302,0.35285714285714302,0.34357142857142873,0.35285714285714302,56050,0
HYD,20181105,0.34357142857142873,0.36214285714285731,0.34357142857142873,0.34357142857142873,81877.8,0
HYD,20181106,0.35285714285714302,0.35285714285714302,0.34357142857142873,0.34357142857142873,2027.6,0
HYD,20181107,0.34357142857142873,0.34357142857142873,0.34357142857142873,0.34357142857142873,12520,0
HYD,20181108,0.34357142857142873,0.35285714285714302,0.34357142857142873,0.34357142857142873,17824.2,0
HYD,20181109,0.34357142857142873,0.34357142857142873,0.33428571428571444,0.34357142857142873,23680,0
HYD,20181112,0.34357142857142873,0.34357142857142873,0.34357142857142873,0.34357142857142873,19470.6,0
HYD,20181113,0.34357142857142873,0.35285714285714302,0.33428571428571444,0.33428571428571444,11431.6,0
HYD,20181114,0.33428571428571444,0.35285714285714302,0.33428571428571444,0.33428571428571444,25000,0
HYD,20181115,0.34357142857142873,0.34357142857142873,0.34357142857142873,0.34357142857142873,3000,0
HYD,20181116,0.34357142857142873,0.34357142857142873,0.34357142857142873,0.34357142857142873,3188,0
HYD,20181119,0.34357142857142873,0.34357142857142873,0.31571428571428586,0.32500000000000015,34983.2,0
HYD,20181120,0.31571428571428586,0.32500000000000015,0.31571428571428586,0.31571428571428586,7160,0
HYD,20181121,0.31571428571428586,0.31571428571428586,0.31571428571428586,0.31571428571428586,0,0
HYD,20181122,0.31571428571428586,0.32500000000000015,0.29714285714285728,0.30642857142857157,15720,0
HYD,20181123,0.31571428571428586,0.32500000000000015,0.31571428571428586,0.32500000000000015,20557.8,0
HYD,20181126,0.32500000000000015,0.32500000000000015,0.31571428571428586,0.31571428571428586,9037.2,0
HYD,20181127,0.31571428571428586,0.31571428571428586,0.30642857142857157,0.31571428571428586,8450,0
HYD,20181128,0.30642857142857157,0.30642857142857157,0.29714285714285728,0.29714285714285728,22430.3,0
HYD,20181129,0.28785714285714299,0.28785714285714299,0.2785714285714287,0.2785714285714287,76571.8,0
HYD,20181130,0.2785714285714287,0.29714285714285728,0.2785714285714287,0.29714285714285728,48348.2,0
HYD,20181203,0.29714285714285728,0.29714285714285728,0.29714285714285728,0.29714285714285728,69166.7,0
HYD,20181204,0.2785714285714287,0.2785714285714287,0.26000000000000012,0.26000000000000012,51214.6,0
HYD,20181205,0.26000000000000012,0.2785714285714287,0.26000000000000012,0.2785714285714287,17200,0
HYD,20181206,0.26000000000000012,0.26000000000000012,0.26000000000000012,0.26000000000000012,21458.6,0
HYD,20181207,0.26928571428571441,0.26928571428571441,0.25071428571428583,0.25071428571428583,9150,0
HYD,20181210,0.25071428571428583,0.2785714285714287,0.25071428571428583,0.2785714285714287,3312.8,0
HYD,20181211,0.2785714285714287,0.2785714285714287,0.2785714285714287,0.2785714285714287,300,0
HYD,20181212,0.2785714285714287,0.2785714285714287,0.24142857142857154,0.24142857142857154,56298.1,0
HYD,20181213,0.26928571428571441,0.28785714285714299,0.26928571428571441,0.28785714285714299,85497.7,0
HYD,20181214,0.2785714285714287,0.2785714285714287,0.25071428571428583,0.26000000000000012,73372.8,0
HYD,20181217,0.26000000000000012,0.26000000000000012,0.26000000000000012,0.26000000000000012,9142.8,0
HYD,20181218,0.25071428571428583,0.25071428571428583,0.24142857142857154,0.24142857142857154,38054.6,0
HYD,20181219,0.24142857142857154,0.25071428571428583,0.24142857142857154,0.25071428571428583,25434,0
HYD,20181220,0.25071428571428583,0.25071428571428583,0.25071428571428583,0.25071428571428583,26219.5,0
HYD,20181221,0.26928571428571441,0.26928571428571441,0.26928571428571441,0.26928571428571441,13700,0
HYD,20181224,0.26928571428571441,0.26928571428571441,0.26928571428571441,0.26928571428571441,0,0
HYD,20181225,0.26928571428571441,0.26928571428571441,0.26928571428571441,0.26928571428571441,0,0
HYD,20181226,0.26928571428571441,0.26928571428571441,0.26928571428571441,0.26928571428571441,0,0
HYD,20181227,0.25071428571428583,0.25071428571428583,0.21357142857142867,0.23214285714285725,240677.1,0
HYD,20181228,0.23214285714285725,0.23214285714285725,0.23214285714285725,0.23214285714285725,0,0
HYD,20181231,0.23214285714285725,0.23214285714285725,0.23214285714285725,0.23214285714285725,880,0
HYD,20190101,0.23214285714285725,0.23214285714285725,0.23214285714285725,0.23214285714285725,0,0
HYD,20190102,0.26000000000000012,0.2785714285714287,0.26000000000000012,0.2785714285714287,80043.4,0
HYD,20190103,0.25071428571428583,0.25071428571428583,0.23214285714285725,0.23214285714285725,177400,0
HYD,20190104,0.23214285714285725,0.23214285714285725,0.22285714285714296,0.22285714285714296,54332.5,0
HYD,20190107,0.23214285714285725,0.23214285714285725,0.23214285714285725,0.23214285714285725,3517.5,0
HYD,20190108,0.23214285714285725,0.24142857142857154,0.23214285714285725,0.23214285714285725,6000,0
HYD,20190109,0.23214285714285725,0.25071428571428583,0.22285714285714296,0.25071428571428583,58800,0
HYD,20190110,0.25071428571428583,0.25071428571428583,0.22285714285714296,0.23214285714285725,8915,0
HYD,20190111,0.23214285714285725,0.23214285714285725,0.23214285714285725,0.23214285714285725,1122.5,0
HYD,20190114,0.23214285714285725,0.23214285714285725,0.23214285714285725,0.23214285714285725,0,0
HYD,20190115,0.23214285714285725,0.23214285714285725,0.19500000000000009,0.20428571428571438,413868.4,0
HYD,20190116,0.21357142857142867,0.21357142857142867,0.20428571428571438,0.20428571428571438,39960.9,0
HYD,20190117,0.20428571428571438,0.21357142857142867,0.19500000000000009,0.21357142857142867,12149.9,0
HYD,20190118,0.21357142857142867,0.25071428571428583,0.21357142857142867,0.21357142857142867,72564,0
HYD,20190121,0.20428571428571438,0.20428571428571438,0.20428571428571438,0.20428571428571438,13186,0
HYD,20190122,0.21357142857142867,0.24142857142857154,0.21357142857142867,0.21357142857142867,19584.8,0
HYD,20190123,0.23214285714285725,0.23214285714285725,0.23214285714285725,0.23214285714285725,12000,0
HYD,20190124,0.22285714285714296,0.22285714285714296,0.21357142857142867,0.22285714285714296,36216.6,0
HYD,20190125,0.21357142857142867,0.23214285714285725,0.21357142857142867,0.23214285714285725,59710.6,0
HYD,20190128,0.23214285714285725,0.23214285714285725,0.23214285714285725,0.23214285714285725,0,0
HYD,20190129,0.22285714285714296,0.22285714285714296,0.21357142857142867,0.21357142857142867,23910,0
HYD,20190130,0.21357142857142867,0.22285714285714296,0.19500000000000009,0.22285714285714296,84560.6,0
HYD,20190131,0.20428571428571438,0.22285714285714296,0.20428571428571438,0.20428571428571438,23019.5,0
HYD,20190201,0.20428571428571438,0.20428571428571438,0.20428571428571438,0.20428571428571438,0,0
HYD,20190204,0.20428571428571438,0.20428571428571438,0.20428571428571438,0.20428571428571438,0,0
HYD,20190205,0.22285714285714296,0.22285714285714296,0.21357142857142867,0.21357142857142867,14819.7,0
HYD,20190206,0.21357142857142867,0.21357142857142867,0.21357142857142867,0.21357142857142867,0,0
HYD,20190207,0.20428571428571438,0.20428571428571438,0.20428571428571438,0.20428571428571438,102.2,0
HYD,20190208,0.21357142857142867,0.22285714285714296,0.21357142857142867,0.22285714285714296,15521.5,0
HYD,20190211,0.21357142857142867,0.21357142857142867,0.21357142857142867,0.21357142857142867,546.6,0
HYD,20190212,0.21357142857142867,0.21357142857142867,0.21357142857142867,0.21357142857142867,28121.9,0
HYD,20190213,0.21357142857142867,0.22285714285714296,0.21357142857142867,0.22285714285714296,59570.2,0
HYD,20190214,0.22285714285714296,0.24142857142857154,0.22285714285714296,0.23214285714285725,41569.8,0
HYD,20190215,0.22285714285714296,0.22285714285714296,0.22285714285714296,0.22285714285714296,553.5,0
HYD,20190218,0.22285714285714296,0.23214285714285725,0.22285714285714296,0.23214285714285725,8382.1,0
HYD,20190219,0.22285714285714296,0.23214285714285725,0.21357142857142867,0.22285714285714296,9250.8,0
HYD,20190220,0.21357142857142867,0.23214285714285725,0.20428571428571438,0.23214285714285725,61084.8,0
HYD,20190221,0.23214285714285725,0.23214285714285725,0.23214285714285725,0.23214285714285725,7200,0
HYD,20190222,0.23214285714285725,0.23214285714285725,0.23214285714285725,0.23214285714285725,0,0
HYD,20190225,0.22285714285714296,0.22285714285714296,0.22285714285714296,0.22285714285714296,7550,0
HYD,20190226,0.22285714285714296,0.23214285714285725,0.21357142857142867,0.23214285714285725,67010.5,0
HYD,20190227,0.23214285714285725,0.23214285714285725,0.21357142857142867,0.21357142857142867,8591.8,0
HYD,20190228,0.20428571428571438,0.20428571428571438,0.19500000000000009,0.19500000000000009,101775.8,0
HYD,20190301,0.21357142857142867,0.22285714285714296,0.21357142857142867,0.21357142857142867,51175,0
HYD,20190304,0.21357142857142867,0.22285714285714296,0.20428571428571438,0.21357142857142867,14544.1,0
HYD,20190305,0.21357142857142867,0.21357142857142867,0.21357142857142867,0.21357142857142867,1185,0
HYD,20190306,0.20428571428571438,0.20428571428571438,0.20428571428571438,0.20428571428571438,39841.4,0
HYD,20190307,0.20428571428571438,0.20428571428571438,0.20428571428571438,0.20428571428571438,2317.8,0
HYD,20190308,0.20428571428571438,0.20428571428571438,0.20428571428571438,0.20428571428571438,354.9,0
HYD,20190311,0.20428571428571438,0.20428571428571438,0.20428571428571438,0.20428571428571438,45263.5,0
HYD,20190312,0.19500000000000009,0.20428571428571438,0.19500000000000009,0.19500000000000009,29426.4,0
HYD,20190313,0.1857142857142858,0.1857142857142858,0.17642857142857151,0.1857142857142858,18709.9,0
HYD,20190314,0.19500000000000009,0.19500000000000009,0.1857142857142858,0.1857142857142858,3948.5,0
HYD,20190315,0.19500000000000009,0.19500000000000009,0.1857142857142858,0.1857142857142858,23040.8,0
HYD,20190318,0.1857142857142858,0.1857142857142858,0.1857142857142858,0.1857142857142858,2620,0
HYD,20190319,0.1857142857142858,0.1857142857142858,0.17642857142857151,0.17642857142857151,81471.5,0
HYD,20190320,0.17642857142857151,0.17642857142857151,0.17642857142857151,0.17642857142857151,0,0
HYD,20190321,0.17642857142857151,0.20428571428571438,0.17642857142857151,0.20428571428571438,75013.5,0
HYD,20190322,0.1857142857142858,0.20428571428571438,0.1857142857142858,0.20428571428571438,10054.6,0
HYD,20190325,0.1857142857142858,0.19500000000000009,0.1857142857142858,0.19500000000000009,4954.6,0
HYD,20190326,0.19500000000000009,0.19500000000000009,0.19500000000000009,0.19500000000000009,0,0
HYD,20190327,0.1857142857142858,0.1857142857142858,0.1857142857142858,0.1857142857142858,1266.7,0
HYD,20190328,0.1857142857142858,0.1857142857142858,0.17642857142857151,0.17642857142857151,34040,0
HYD,20190329,0.1857142857142858,0.19500000000000009,0.17642857142857151,0.19500000000000009,29987.3,0
HYD,20190401,0.20428571428571438,0.20428571428571438,0.17642857142857151,0.17642857142857151,46500,0
HYD,20190402,0.17642857142857151,0.19500000000000009,0.17642857142857151,0.19500000000000009,26100,0
HYD,20190403,0.1857142857142858,0.19500000000000009,0.1857142857142858,0.19500000000000009,19653,0
HYD,20190404,0.19500000000000009,0.20428571428571438,0.19500000000000009,0.20428571428571438,26605,0
HYD,20190405,0.19500000000000009,0.20428571428571438,0.19500000000000009,0.19500000000000009,17375.5,0
HYD,20190408,0.19500000000000009,0.19500000000000009,0.19500000000000009,0.19500000000000009,4161.4,0
HYD,20190409,0.1857142857142858,0.19500000000000009,0.1857142857142858,0.19500000000000009,36805.5,0
HYD,20190410,0.19500000000000009,0.20428571428571438,0.19500000000000009,0.20428571428571438,16355.5,0
HYD,20190411,0.19500000000000009,0.20428571428571438,0.19500000000000009,0.19500000000000009,48900,0
HYD,20190412,0.1857142857142858,0.19500000000000009,0.1857142857142858,0.19500000000000009,82442.6,0
HYD,20190415,0.19500000000000009,0.19500000000000009,0.1857142857142858,0.1857142857142858,60746.3,0
HYD,20190416,0.1857142857142858,0.1857142857142858,0.1857142857142858,0.1857142857142858,10648.6,0
HYD,20190417,0.19500000000000009,0.20428571428571438,0.19500000000000009,0.20428571428571438,27161.9,0
HYD,20190418,0.19500000000000009,0.20428571428571438,0.19500000000000009,0.19500000000000009,20018.4,0
HYD,20190419,0.19500000000000009,0.19500000000000009,0.19500000000000009,0.19500000000000009,0,0
HYD,20190422,0.19500000000000009,0.19500000000000009,0.19500000000000009,0.19500000000000009,0,0
HYD,20190423,0.1857142857142858,0.20428571428571438,0.1857142857142858,0.20428571428571438,257505.6,0
HYD,20190424,0.20428571428571438,0.20428571428571438,0.20428571428571438,0.20428571428571438,24674.4,0
HYD,20190425,0.20428571428571438,0.20428571428571438,0.20428571428571438,0.20428571428571438,0,0
HYD,20190426,0.21357142857142867,0.22285714285714296,0.20428571428571438,0.20428571428571438,31723.4,0
HYD,20190429,0.20428571428571438,0.20428571428571438,0.20428571428571438,0.20428571428571438,8000,0
HYD,20190430,0.20428571428571438,0.24142857142857154,0.20428571428571438,0.24142857142857154,154666.5,0
HYD,20190501,0.24142857142857154,0.25071428571428583,0.24142857142857154,0.24142857142857154,25038.4,0
HYD,20190502,0.24142857142857154,0.24142857142857154,0.24142857142857154,0.24142857142857154,19000,0
HYD,20190503,0.24142857142857154,0.24142857142857154,0.24142857142857154,0.24142857142857154,185065.3,0
HYD,20190506,0.23214285714285725,0.23214285714285725,0.21357142857142867,0.21357142857142867,84179.8,0
HYD,20190507,0.21357142857142867,0.21357142857142867,0.21357142857142867,0.21357142857142867,9908.4,0
HYD,20190508,0.21357142857142867,0.21357142857142867,0.21357142857142867,0.21357142857142867,72890,0
HYD,20190509,0.21357142857142867,0.21357142857142867,0.21357142857142867,0.21357142857142867,18759,0
HYD,20190510,0.22285714285714296,0.26000000000000012,0.21357142857142867,0.26000000000000012,370623.8,0
HYD,20190513,0.26000000000000012,0.26000000000000012,0.26000000000000012,0.26000000000000012,0,0
HYD,20190514,0.30642857142857157,0.30642857142857157,0.26928571428571441,0.28785714285714299,428954.4,0
HYD,20190515,0.28785714285714299,0.34357142857142873,0.28785714285714299,0.30642857142857157,527849.4,0
HYD,20190516,0.30642857142857157,0.32500000000000015,0.2785714285714287,0.2785714285714287,270368.8,0
HYD,20190517,0.2785714285714287,0.28785714285714299,0.2785714285714287,0.28785714285714299,58202.8,0
HYD,20190520,0.2785714285714287,0.28785714285714299,0.2785714285714287,0.28785714285714299,71216.8,0
HYD,20190521,0.26928571428571441,0.28785714285714299,0.26928571428571441,0.2785714285714287,62664.8,0
HYD,20190522,0.26928571428571441,0.2785714285714287,0.26000000000000012,0.26000000000000012,55099.9,0
HYD,20190523,0.26000000000000012,0.26000000000000012,0.23214285714285725,0.23214285714285725,84461.3,0
HYD,20190524,0.25071428571428583,0.25071428571428583,0.24142857142857154,0.24142857142857154,19425,0
HYD,20190527,0.25071428571428583,0.25071428571428583,0.25071428571428583,0.25071428571428583,16400,0
HYD,20190528,0.26000000000000012,0.2785714285714287,0.25071428571428583,0.2785714285714287,136226.1,0
HYD,20190529,0.2785714285714287,0.2785714285714287,0.26928571428571441,0.26928571428571441,35500,0
HYD,20190530,0.25071428571428583,0.26928571428571441,0.25071428571428583,0.26928571428571441,30413.9,0
HYD,20190531,0.26928571428571441,0.26928571428571441,0.25071428571428583,0.25071428571428583,49336.5,0
HYD,20190603,0.24142857142857154,0.26000000000000012,0.24142857142857154,0.26000000000000012,26248.2,0
HYD,20190604,0.24142857142857154,0.24142857142857154,0.24142857142857154,0.24142857142857154,25070.5,0
HYD,20190605,0.23214285714285725,0.23214285714285725,0.23214285714285725,0.23214285714285725,29954.8,0
HYD,20190606,0.23214285714285725,0.23214285714285725,0.23214285714285725,0.23214285714285725,4683.9,0
HYD,20190607,0.22285714285714296,0.22285714285714296,0.20428571428571438,0.21357142857142867,48052.6,0
HYD,20190610,0.21357142857142867,0.21357142857142867,0.21357142857142867,0.21357142857142867,0,0
HYD,20190611,0.21357142857142867,0.21357142857142867,0.21357142857142867,0.21357142857142867,8941.2,0
HYD,20190612,0.21357142857142867,0.22285714285714296,0.21357142857142867,0.22285714285714296,5414.4,0
HYD,20190613,0.21357142857142867,0.21357142857142867,0.21357142857142867,0.21357142857142867,6065.4,0
HYD,20190614,0.21357142857142867,0.21357142857142867,0.21357142857142867,0.21357142857142867,89337.6,0
HYD,20190617,0.22285714285714296,0.23214285714285725,0.21357142857142867,0.21357142857142867,114040.5,0
HYD,20190618,0.22285714285714296,0.22285714285714296,0.21357142857142867,0.21357142857142867,37000,0
HYD,20190619,0.21357142857142867,0.22285714285714296,0.20428571428571438,0.22285714285714296,132339.2,0
HYD,20190620,0.21357142857142867,0.23214285714285725,0.21357142857142867,0.22285714285714296,72776.6,0
HYD,20190621,0.22285714285714296,0.25071428571428583,0.22285714285714296,0.22285714285714296,495851.5,0
HYD,20190624,0.22285714285714296,0.22285714285714296,0.22285714285714296,0.22285714285714296,0,0
HYD,20190625,0.23214285714285725,0.23214285714285725,0.22285714285714296,0.22285714285714296,38176.9,0
HYD,20190626,0.22285714285714296,0.23214285714285725,0.21357142857142867,0.21357142857142867,84917.4,0
HYD,20190627,0.21357142857142867,0.22285714285714296,0.21357142857142867,0.22285714285714296,151278.1,0
HYD,20190628,0.22285714285714296,0.22285714285714296,0.20428571428571438,0.20428571428571438,401631.6,0
HYD,20190701,0.21357142857142867,0.22285714285714296,0.21357142857142867,0.21357142857142867,42072.8,0
HYD,20190702,0.25071428571428583,0.29714285714285728,0.24142857142857154,0.29714285714285728,1181279.4,0
HYD,20190703,0.29714285714285728,0.30642857142857157,0.28785714285714299,0.28785714285714299,289250.9,0
HYD,20190704,0.29714285714285728,0.29714285714285728,0.28785714285714299,0.29714285714285728,114568.2,0
HYD,20190705,0.29714285714285728,0.29714285714285728,0.28785714285714299,0.28785714285714299,99800.1,0
HYD,20190708,0.28785714285714299,0.29714285714285728,0.28785714285714299,0.28785714285714299,35463.1,0
HYD,20190709,0.29714285714285728,0.29714285714285728,0.26928571428571441,0.26928571428571441,193277.5,0
HYD,20190710,0.26000000000000012,0.2785714285714287,0.26000000000000012,0.2785714285714287,31742.3,0
HYD,20190711,0.26928571428571441,0.26928571428571441,0.26000000000000012,0.26000000000000012,166416.6,0
HYD,20190712,0.26000000000000012,0.2785714285714287,0.26000000000000012,0.2785714285714287,23302.8,0
HYD,20190715,0.2785714285714287,0.28785714285714299,0.2785714285714287,0.28785714285714299,74139,0
HYD,20190716,0.28785714285714299,0.28785714285714299,0.28785714285714299,0.28785714285714299,0,0
HYD,20190717,0.2785714285714287,0.2785714285714287,0.26000000000000012,0.26000000000000012,31751.7,0
HYD,20190718,0.2785714285714287,0.28785714285714299,0.2785714285714287,0.2785714285714287,68989.7,0
HYD,20190719,0.2785714285714287,0.28785714285714299,0.2785714285714287,0.2785714285714287,38457.6,0
HYD,20190722,0.2785714285714287,0.2785714285714287,0.2785714285714287,0.2785714285714287,0,0
HYD,20190723,0.26928571428571441,0.26928571428571441,0.26928571428571441,0.26928571428571441,34121.7,0
HYD,20190724,0.2785714285714287,0.28785714285714299,0.2785714285714287,0.2785714285714287,34200,0
HYD,20190725,0.2785714285714287,0.28785714285714299,0.2785714285714287,0.2785714285714287,92700,0
HYD,20190726,0.28785714285714299,0.33428571428571444,0.28785714285714299,0.31571428571428586,613795.2,0
HYD,20190729,0.34357142857142873,0.36214285714285731,0.32500000000000015,0.34357142857142873,1388615.5,0
HYD,20190730,0.38071428571428589,0.38071428571428589,0.31571428571428586,0.32500000000000015,497571,0
HYD,20190731,0.31571428571428586,0.32500000000000015,0.29714285714285728,0.31571428571428586,219752.3,0
HYD,20190801,0.31571428571428586,0.31571428571428586,0.30642857142857157,0.31571428571428586,60751.3,0
HYD,20190802,0.32500000000000015,0.33428571428571444,0.31571428571428586,0.32500000000000015,90587.8,0
HYD,20190805,0.31571428571428586,0.32500000000000015,0.26928571428571441,0.29714285714285728,267714.6,0
HYD,20190806,0.2785714285714287,0.2785714285714287,0.2785714285714287,0.2785714285714287,102765.4,0
HYD,20190807,0.2785714285714287,0.2785714285714287,0.26928571428571441,0.26928571428571441,35879.2,0
HYD,20190808,0.2785714285714287,0.2785714285714287,0.2785714285714287,0.2785714285714287,87680.8,0
HYD,20190809,0.28785714285714299,0.28785714285714299,0.2785714285714287,0.2785714285714287,37517.7,0
HYD,20190812,0.2785714285714287,0.2785714285714287,0.2785714285714287,0.2785714285714287,51096.5,0
HYD,20190813,0.26928571428571441,0.26928571428571441,0.26000000000000012,0.26928571428571441,41856.3,0
HYD,20190814,0.2785714285714287,0.28785714285714299,0.2785714285714287,0.28785714285714299,52484.6,0
HYD,20190815,0.2785714285714287,0.2785714285714287,0.26928571428571441,0.26928571428571441,54614,0
HYD,20190816,0.26000000000000012,0.26928571428571441,0.26000000000000012,0.26928571428571441,29226.3,0
HYD,20190819,0.26928571428571441,0.26928571428571441,0.26928571428571441,0.26928571428571441,13717.1,0
HYD,20190820,0.26928571428571441,0.26928571428571441,0.26928571428571441,0.26928571428571441,3177.5,0
HYD,20190821,0.26928571428571441,0.26928571428571441,0.26928571428571441,0.26928571428571441,21534,0
HYD,20190822,0.2785714285714287,0.2785714285714287,0.26000000000000012,0.26000000000000012,108408.4,0
HYD,20190823,0.26000000000000012,0.26000000000000012,0.26000000000000012,0.26000000000000012,0,0
HYD,20190826,0.25071428571428583,0.25071428571428583,0.24142857142857154,0.25071428571428583,59027.1,0
HYD,20190827,0.26000000000000012,0.26000000000000012,0.25071428571428583,0.25071428571428583,21800,0
HYD,20190828,0.25071428571428583,0.25071428571428583,0.25071428571428583,0.25071428571428583,42428,0
HYD,20190829,0.25071428571428583,0.2785714285714287,0.25071428571428583,0.2785714285714287,131787.5,0
HYD,20190830,0.2785714285714287,0.2785714285714287,0.26000000000000012,0.26000000000000012,49084.3,0
HYD,20190902,0.26000000000000012,0.26000000000000012,0.25071428571428583,0.25071428571428583,64299.6,0
HYD,20190903,0.24142857142857154,0.24142857142857154,0.21357142857142867,0.23214285714285725,54539.4,0
HYD,20190904,0.23214285714285725,0.23214285714285725,0.22285714285714296,0.22285714285714296,34657.4,0
HYD,20190905,0.23214285714285725,0.24142857142857154,0.23214285714285725,0.24142857142857154,54362.7,0
HYD,20190906,0.25071428571428583,0.25071428571428583,0.25071428571428583,0.25071428571428583,3428.6,0
HYD,20190909,0.25071428571428583,0.25071428571428583,0.25071428571428583,0.25071428571428583,16809.6,0
HYD,20190910,0.25071428571428583,0.25071428571428583,0.25071428571428583,0.25071428571428583,29190.4,0
HYD,20190911,0.25071428571428583,0.26000000000000012,0.25071428571428583,0.25071428571428583,19443.8,0
HYD,20190912,0.25071428571428583,0.25071428571428583,0.25071428571428583,0.25071428571428583,15145.9,0
HYD,20190913,0.25071428571428583,0.26000000000000012,0.25071428571428583,0.26000000000000012,60304.8,0
HYD,20190916,0.26928571428571441,0.26928571428571441,0.26000000000000012,0.26928571428571441,44285.8,0
HYD,20190917,0.26928571428571441,0.2785714285714287,0.26928571428571441,0.2785714285714287,20584,0
HYD,20190918,0.26928571428571441,0.26928571428571441,0.26000000000000012,0.26000000000000012,48318.2,0
HYD,20190919,0.26000000000000012,0.26000000000000012,0.26000000000000012,0.26000000000000012,0,0
HYD,20190920,0.26928571428571441,0.30642857142857157,0.26928571428571441,0.28785714285714299,306433,0
HYD,20190923,0.28785714285714299,0.29714285714285728,0.2785714285714287,0.2785714285714287,6597.1,0
HYD,20190924,0.2785714285714287,0.2785714285714287,0.2785714285714287,0.2785714285714287,0,0
HYD,20190925,0.28785714285714299,0.29714285714285728,0.28785714285714299,0.29714285714285728,9220.8,0
HYD,20190926,0.29714285714285728,0.29714285714285728,0.28785714285714299,0.28785714285714299,65156.1,0
HYD,20190927,0.28785714285714299,0.28785714285714299,0.28785714285714299,0.28785714285714299,55517.4,0
HYD,20190930,0.2785714285714287,0.2785714285714287,0.26928571428571441,0.26928571428571441,100857.7,0
HYD,20191001,0.26928571428571441,0.26928571428571441,0.26928571428571441,0.26928571428571441,27686.3,0
HYD,20191002,0.28785714285714299,0.28785714285714299,0.2785714285714287,0.2785714285714287,119761,0
HYD,20191003,0.29714285714285728,0.29714285714285728,0.26928571428571441,0.26928571428571441,181068.6,0
HYD,20191004,0.2785714285714287,0.2785714285714287,0.26928571428571441,0.2785714285714287,57301.1,0
HYD,20191007,0.2785714285714287,0.2785714285714287,0.26928571428571441,0.26928571428571441,109157.6,0
HYD,20191008,0.26928571428571441,0.26928571428571441,0.26928571428571441,0.26928571428571441,7823,0
HYD,20191009,0.26928571428571441,0.26928571428571441,0.26928571428571441,0.26928571428571441,24413.7,0
HYD,20191010,0.26928571428571441,0.26928571428571441,0.26928571428571441,0.26928571428571441,10000,0
HYD,20191011,0.26928571428571441,0.26928571428571441,0.26928571428571441,0.26928571428571441,25407.2,0
HYD,20191014,0.2785714285714287,0.30642857142857157,0.2785714285714287,0.30642857142857157,280555.6,0
HYD,20191015,0.30642857142857157,0.30642857142857157,0.29714285714285728,0.29714285714285728,73165.9,0
HYD,20191016,0.30642857142857157,0.32500000000000015,0.29714285714285728,0.29714285714285728,383903.7,0
HYD,20191017,0.30642857142857157,0.33428571428571444,0.30642857142857157,0.32500000000000015,180731.5,0
HYD,20191018,0.32500000000000015,0.33428571428571444,0.32500000000000015,0.32500000000000015,170406.2,0
HYD,20191021,0.32500000000000015,0.32500000000000015,0.31571428571428586,0.31571428571428586,49788.4,0
HYD,20191022,0.30642857142857157,0.35285714285714302,0.30642857142857157,0.33428571428571444,580521.6,0
HYD,20191023,0.33428571428571444,0.33428571428571444,0.30642857142857157,0.32500000000000015,251587.4,0
HYD,20191024,0.31571428571428586,0.31571428571428586,0.30642857142857157,0.31571428571428586,150557.1,0
HYD,20191025,0.32500000000000015,0.33428571428571444,0.30642857142857157,0.32500000000000015,183789.4,0
HYD,20191028,0.30642857142857157,0.30642857142857157,0.29714285714285728,0.30642857142857157,104503.9,0
HYD,20191029,0.30642857142857157,0.30642857142857157,0.30642857142857157,0.30642857142857157,4521.7,0
HYD,20191030,0.29714285714285728,0.29714285714285728,0.29714285714285728,0.29714285714285728,34243.3,0
HYD,20191031,0.29714285714285728,0.29714285714285728,0.29714285714285728,0.29714285714285728,0,0
HYD,20191101,0.29714285714285728,0.29714285714285728,0.29714285714285728,0.29714285714285728,0,0
HYD,20191104,0.28785714285714299,0.29714285714285728,0.26928571428571441,0.2785714285714287,227309,0
HYD,20191105,0.2785714285714287,0.2785714285714287,0.2785714285714287,0.2785714285714287,74266.6,0
HYD,20191106,0.2785714285714287,0.2785714285714287,0.26928571428571441,0.26928571428571441,161097,0
HYD,20191107,0.26928571428571441,0.26928571428571441,0.26000000000000012,0.26000000000000012,344773.8,0
HYD,20191108,0.26000000000000012,0.26928571428571441,0.25071428571428583,0.25071428571428583,116515.9,0
HYD,20191111,0.26928571428571441,0.26928571428571441,0.26000000000000012,0.26000000000000012,83533.4,0
HYD,20191112,0.25071428571428583,0.25071428571428583,0.23214285714285725,0.23214285714285725,76063,0
HYD,20191113,0.24142857142857154,0.24142857142857154,0.23214285714285725,0.24142857142857154,147478.9,0
HYD,20191114,0.24142857142857154,0.24142857142857154,0.24142857142857154,0.24142857142857154,24270.5,0
HYD,20191115,0.24142857142857154,0.25071428571428583,0.24142857142857154,0.25071428571428583,31353.5,0
HYD,20191118,0.25071428571428583,0.26928571428571441,0.25071428571428583,0.26928571428571441,108997.7,0
HYD,20191119,0.26000000000000012,0.26928571428571441,0.26000000000000012,0.26928571428571441,64950.3,0
HYD,20191120,0.26928571428571441,0.26928571428571441,0.26928571428571441,0.26928571428571441,61046.4,0
HYD,20191121,0.26928571428571441,0.26928571428571441,0.26000000000000012,0.26000000000000012,99468.6,0
HYD,20191122,0.26928571428571441,0.26928571428571441,0.26000000000000012,0.26000000000000012,70000,0
HYD,20191125,0.26928571428571441,0.26928571428571441,0.26000000000000012,0.26000000000000012,53338.5,0
HYD,20191126,0.25071428571428583,0.26000000000000012,0.25071428571428583,0.26000000000000012,62128,0
HYD,20191127,0.26000000000000012,0.26000000000000012,0.25071428571428583,0.25071428571428583,20135,0
HYD,20191128,0.26000000000000012,0.26000000000000012,0.24142857142857154,0.24142857142857154,53811,0
HYD,20191129,0.24142857142857154,0.25071428571428583,0.24142857142857154,0.25071428571428583,50767.8,0
HYD,20191202,0.25071428571428583,0.25071428571428583,0.24142857142857154,0.24142857142857154,5000,0
HYD,20191203,0.25071428571428583,0.25071428571428583,0.24142857142857154,0.24142857142857154,24250,0
HYD,20191204,0.23214285714285725,0.23214285714285725,0.23214285714285725,0.23214285714285725,46964.3,0
HYD,20191205,0.24142857142857154,0.24142857142857154,0.22285714285714296,0.23214285714285725,80740.9,0
HYD,20191206,0.22285714285714296,0.22285714285714296,0.22285714285714296,0.22285714285714296,8777.6,0
HYD,20191209,0.23214285714285725,0.23214285714285725,0.23214285714285725,0.23214285714285725,179706.9,0
HYD,20191210,0.22285714285714296,0.22285714285714296,0.22285714285714296,0.22285714285714296,50,0
HYD,20191211,0.22285714285714296,0.22285714285714296,0.22285714285714296,0.22285714285714296,50000.1,0
HYD,20191212,0.22285714285714296,0.25071428571428583,0.22285714285714296,0.23214285714285725,368755,0
HYD,20191213,0.25071428571428583,0.25071428571428583,0.22285714285714296,0.22285714285714296,200985.8,0
HYD,20191216,0.23214285714285725,0.26000000000000012,0.23214285714285725,0.26000000000000012,40000,0
HYD,20191217,0.26000000000000012,0.26000000000000012,0.26000000000000012,0.26000000000000012,0,0
HYD,20191218,0.26000000000000012,0.26000000000000012,0.24142857142857154,0.24142857142857154,41610,0
HYD,20191219,0.24142857142857154,0.24142857142857154,0.22285714285714296,0.22285714285714296,86422,0
HYD,20191220,0.22285714285714296,0.22285714285714296,0.22285714285714296,0.22285714285714296,5000,0
HYD,20191223,0.208928571428571525,0.208928571428571525,0.20428571428571438,0.20428571428571438,17821,0
HYD,20191224,0.20428571428571438,0.20428571428571438,0.20428571428571438,0.20428571428571438,750,0
HYD,20191225,0.20428571428571438,0.20428571428571438,0.20428571428571438,0.20428571428571438,0,0
HYD,20191226,0.20428571428571438,0.20428571428571438,0.20428571428571438,0.20428571428571438,0,0
HYD,20191227,0.208928571428571525,0.208928571428571525,0.208928571428571525,0.208928571428571525,9900,0
HYD,20191230,0.199642857142857235,0.22285714285714296,0.19500000000000009,0.22285714285714296,34226,0
HYD,20191231,0.218214285714285815,0.22285714285714296,0.218214285714285815,0.22285714285714296,21256,0
HYD,20200101,0.22285714285714296,0.22285714285714296,0.22285714285714296,0.22285714285714296,0,0
HYD,20200102,0.22285714285714296,0.22285714285714296,0.22285714285714296,0.22285714285714296,83744,0
HYD,20200103,0.22285714285714296,0.22285714285714296,0.20428571428571438,0.20428571428571438,9576,0
HYD,20200106,0.20428571428571438,0.20428571428571438,0.20428571428571438,0.20428571428571438,0,0
HYD,20200107,0.20428571428571438,0.20428571428571438,0.20428571428571438,0.20428571428571438,65248,0
HYD,20200108,0.190357142857142945,0.19500000000000009,0.1857142857142858,0.19500000000000009,3003,0
HYD,20200109,0.1857142857142858,0.199642857142857235,0.181071428571428655,0.1857142857142858,343646,0
HYD,20200110,0.190357142857142945,0.190357142857142945,0.1857142857142858,0.1857142857142858,64999,0
HYD,20200113,0.190357142857142945,0.190357142857142945,0.1857142857142858,0.1857142857142858,58401,0
HYD,20200114,0.181071428571428655,0.190357142857142945,0.181071428571428655,0.190357142857142945,75223,0
HYD,20200115,0.19500000000000009,0.19500000000000009,0.190357142857142945,0.190357142857142945,84804,0
HYD,20200116,0.19500000000000009,0.23214285714285725,0.19500000000000009,0.218214285714285815,269896,0
HYD,20200117,0.23214285714285725,0.23214285714285725,0.22285714285714296,0.22285714285714296,231747,0
HYD,20200120,0.23214285714285725,0.25071428571428583,0.23214285714285725,0.23214285714285725,139677,0
HYD,20200121,0.246071428571428685,0.255357142857142975,0.24142857142857154,0.24142857142857154,157731,0
HYD,20200122,0.24142857142857154,0.246071428571428685,0.24142857142857154,0.246071428571428685,103755,0
HYD,20200123,0.246071428571428685,0.246071428571428685,0.246071428571428685,0.246071428571428685,17544,0
HYD,20200124,0.24142857142857154,0.24142857142857154,0.23214285714285725,0.23214285714285725,162500,0
HYD,20200127,0.23214285714285725,0.23214285714285725,0.23214285714285725,0.23214285714285725,0,0
HYD,20200128,0.227500000000000105,0.227500000000000105,0.21357142857142867,0.21357142857142867,130165,0
HYD,20200129,0.22285714285714296,0.22285714285714296,0.218214285714285815,0.22285714285714296,120520,0
HYD,20200130,0.23214285714285725,0.23214285714285725,0.218214285714285815,0.218214285714285815,50600,0
HYD,20200131,0.22285714285714296,0.229357142857142963,0.218214285714285815,0.227500000000000105,23791,0
HYD,20200203,0.22285714285714296,0.22285714285714296,0.218214285714285815,0.218214285714285815,44825,0
HYD,20200204,0.218214285714285815,0.218214285714285815,0.21357142857142867,0.21357142857142867,19788,0
HYD,20200205,0.21357142857142867,0.21357142857142867,0.21357142857142867,0.21357142857142867,58,0
HYD,20200206,0.21357142857142867,0.21357142857142867,0.190357142857142945,0.20428571428571438,355037,0
HYD,20200207,0.20428571428571438,0.20428571428571438,0.20428571428571438,0.20428571428571438,2000,0
HYD,20200210,0.20428571428571438,0.20428571428571438,0.20428571428571438,0.20428571428571438,52746,0
HYD,20200211,0.20428571428571438,0.20428571428571438,0.20428571428571438,0.20428571428571438,1123,0
HYD,20200212,0.20428571428571438,0.20428571428571438,0.20428571428571438,0.20428571428571438,25109,0
HYD,20200213,0.20428571428571438,0.20428571428571438,0.199642857142857235,0.20428571428571438,76152,0
HYD,20200214,0.20428571428571438,0.20428571428571438,0.1857142857142858,0.19500000000000009,200070,0
HYD,20200217,0.1857142857142858,0.1857142857142858,0.1857142857142858,0.1857142857142858,63820,0
HYD,20200218,0.1857142857142858,0.1857142857142858,0.1857142857142858,0.1857142857142858,7000,0
HYD,20200219,0.1857142857142858,0.1857142857142858,0.1857142857142858,0.1857142857142858,24878,0
HYD,20200220,0.1857142857142858,0.190357142857142945,0.17642857142857151,0.190357142857142945,65699,0
HYD,20200221,0.190357142857142945,0.20428571428571438,0.190357142857142945,0.199642857142857235,141706,0
HYD,20200224,0.19500000000000009,0.19500000000000009,0.190357142857142945,0.190357142857142945,39625,0
HYD,20200225,0.1857142857142858,0.1857142857142858,0.181071428571428655,0.1857142857142858,122893,0
HYD,20200226,0.1857142857142858,0.1857142857142858,0.17642857142857151,0.17642857142857151,78391,0
HYD,20200227,0.17642857142857151,0.190357142857142945,0.16714285714285722,0.190357142857142945,107333,0
HYD,20200228,0.1857142857142858,0.1857142857142858,0.162500000000000075,0.162500000000000075,66082,0
HYD,20200302,0.153214285714285785,0.153214285714285785,0.14857142857142864,0.14857142857142864,158626,0
HYD,20200303,0.171785714285714365,0.171785714285714365,0.153214285714285785,0.153214285714285785,29500,0
HYD,20200304,0.14857142857142864,0.153214285714285785,0.14857142857142864,0.153214285714285785,40341,0
HYD,20200305,0.153214285714285785,0.162500000000000075,0.153214285714285785,0.15785714285714293,44554,0
HYD,20200306,0.15785714285714293,0.15785714285714293,0.153214285714285785,0.153214285714285785,38079,0
HYD,20200309,0.14857142857142864,0.14857142857142864,0.125357142857142915,0.13000000000000006,265886,0
HYD,20200310,0.13000000000000006,0.134642857142857205,0.13000000000000006,0.134642857142857205,23742,0
HYD,20200311,0.13000000000000006,0.13000000000000006,0.13000000000000006,0.13000000000000006,350,0
HYD,20200312,0.13000000000000006,0.13000000000000006,0.125357142857142915,0.125357142857142915,185604,0
HYD,20200313,0.12071428571428577,0.12071428571428577,0.097500000000000045,0.10214285714285719,40553,0
HYD,20200316,0.116071428571428625,0.116071428571428625,0.116071428571428625,0.116071428571428625,5500,0
HYD,20200317,0.116071428571428625,0.116071428571428625,0.116071428571428625,0.116071428571428625,42822,0
HYD,20200318,0.106785714285714335,0.12071428571428577,0.106785714285714335,0.12071428571428577,15082,0
HYD,20200319,0.116071428571428625,0.116071428571428625,0.116071428571428625,0.116071428571428625,15850,0
HYD,20200320,0.12071428571428577,0.12071428571428577,0.12071428571428577,0.12071428571428577,5848,0
HYD,20200323,0.12071428571428577,0.12071428571428577,0.090071428571428613,0.090071428571428613,265075,0
HYD,20200324,0.090071428571428613,0.0928571428571429,0.086357142857142897,0.0928571428571429,140522,0
HYD,20200325,0.0928571428571429,0.097500000000000045,0.0928571428571429,0.097500000000000045,109665,0
HYD,20200326,0.097500000000000045,0.097500000000000045,0.0928571428571429,0.097500000000000045,136997,0
HYD,20200327,0.097500000000000045,0.097500000000000045,0.097500000000000045,0.097500000000000045,0,0
HYD,20200330,0.0928571428571429,0.097500000000000045,0.088214285714285755,0.088214285714285755,23852,0
HYD,20200331,0.089142857142857184,0.097500000000000045,0.086357142857142897,0.097500000000000045,200000,0
HYD,20200401,0.097500000000000045,0.097500000000000045,0.097500000000000045,0.097500000000000045,23000,0
HYD,20200402,0.097500000000000045,0.10214285714285719,0.097500000000000045,0.10214285714285719,5005,0
HYD,20200403,0.0928571428571429,0.0928571428571429,0.088214285714285755,0.088214285714285755,64966,0
HYD,20200406,0.088214285714285755,0.088214285714285755,0.088214285714285755,0.088214285714285755,0,0
HYD,20200407,0.088214285714285755,0.088214285714285755,0.088214285714285755,0.088214285714285755,10500,0
HYD,20200408,0.088214285714285755,0.088214285714285755,0.088214285714285755,0.088214285714285755,0,0
HYD,20200409,0.091000000000000042,0.091928571428571471,0.078000000000000036,0.078000000000000036,475507,0
HYD,20200410,0.078000000000000036,0.078000000000000036,0.078000000000000036,0.078000000000000036,0,0
HYD,20200413,0.078000000000000036,0.078000000000000036,0.078000000000000036,0.078000000000000036,0,0
HYD,20200414,0.078928571428571465,0.078928571428571465,0.077071428571428607,0.077071428571428607,188379,0
HYD,20200415,0.079857142857142894,0.079857142857142894,0.077071428571428607,0.079857142857142894,70493,0
HYD,20200416,0.079857142857142894,0.079857142857142894,0.079857142857142894,0.079857142857142894,10907,0
HYD,20200417,0.080785714285714323,0.080785714285714323,0.079857142857142894,0.079857142857142894,33900,0
HYD,20200420,0.0928571428571429,0.0928571428571429,0.08357142857142861,0.08357142857142861,31022,0
HYD,20200421,0.078000000000000036,0.078928571428571465,0.078000000000000036,0.078928571428571465,9128,0
HYD,20200422,0.078928571428571465,0.078928571428571465,0.07428571428571432,0.07428571428571432,232850,0
HYD,20200423,0.07428571428571432,0.07428571428571432,0.07428571428571432,0.07428571428571432,75707,0
HYD,20200424,0.07428571428571432,0.07428571428571432,0.07428571428571432,0.07428571428571432,0,0
HYD,20200427,0.080785714285714323,0.080785714285714323,0.080785714285714323,0.080785714285714323,20000,0
HYD,20200428,0.077071428571428607,0.077071428571428607,0.077071428571428607,0.077071428571428607,3128,0
HYD,20200429,0.078000000000000036,0.086357142857142897,0.077071428571428607,0.077071428571428607,220005,0
HYD,20200430,0.086357142857142897,0.13000000000000006,0.086357142857142897,0.116071428571428625,728849,0
HYD,20200501,0.11142857142857148,0.11142857142857148,0.097500000000000045,0.10214285714285719,94400,0
HYD,20200504,0.097500000000000045,0.097500000000000045,0.097500000000000045,0.097500000000000045,47500,0
HYD,20200505,0.097500000000000045,0.106785714285714335,0.097500000000000045,0.106785714285714335,9800,0
HYD,20200506,0.097500000000000045,0.10214285714285719,0.091000000000000042,0.091000000000000042,621132,0
HYD,20200507,0.091928571428571471,0.0928571428571429,0.091928571428571471,0.0928571428571429,59550,0
HYD,20200508,0.0928571428571429,0.097500000000000045,0.0928571428571429,0.097500000000000045,126012,0
HYD,20200511,0.097500000000000045,0.097500000000000045,0.097500000000000045,0.097500000000000045,0,0
HYD,20200512,0.10214285714285719,0.10214285714285719,0.0928571428571429,0.097500000000000045,45547,0
HYD,20200513,0.097500000000000045,0.097500000000000045,0.0928571428571429,0.0928571428571429,95817,0
HYD,20200514,0.10214285714285719,0.10214285714285719,0.087285714285714326,0.087285714285714326,109500,0
HYD,20200515,0.0928571428571429,0.0928571428571429,0.0928571428571429,0.0928571428571429,5124,0
HYD,20200518,0.0928571428571429,0.0928571428571429,0.091000000000000042,0.091000000000000042,61780,0
HYD,20200519,0.091000000000000042,0.091000000000000042,0.091000000000000042,0.091000000000000042,8400,0
HYD,20200520,0.091000000000000042,0.091000000000000042,0.091000000000000042,0.091000000000000042,0,0
HYD,20200521,0.0928571428571429,0.0928571428571429,0.0928571428571429,0.0928571428571429,27835,0
HYD,20200522,0.0928571428571429,0.0928571428571429,0.0928571428571429,0.0928571428571429,10000,0
HYD,20200525,0.10214285714285719,0.10214285714285719,0.0928571428571429,0.0928571428571429,102000,0
HYD,20200526,0.0928571428571429,0.10214285714285719,0.0928571428571429,0.0928571428571429,13204,0
HYD,20200527,0.0928571428571429,0.0928571428571429,0.091928571428571471,0.0928571428571429,45900,0
HYD,20200528,0.097500000000000045,0.097500000000000045,0.0928571428571429,0.0928571428571429,17623,0
HYD,20200529,0.0928571428571429,0.0928571428571429,0.0928571428571429,0.0928571428571429,7000,0
HYD,20200601,0.0928571428571429,0.0928571428571429,0.0928571428571429,0.0928571428571429,30278,0
HYD,20200602,0.097500000000000045,0.097500000000000045,0.0928571428571429,0.0928571428571429,47940,0
HYD,20200603,0.0928571428571429,0.097500000000000045,0.0928571428571429,0.097500000000000045,45165,0
HYD,20200604,0.097500000000000045,0.12071428571428577,0.097500000000000045,0.106785714285714335,441391,0
HYD,20200605,0.106785714285714335,0.11142857142857148,0.10214285714285719,0.11142857142857148,114000,0
HYD,20200608,0.11142857142857148,0.11142857142857148,0.11142857142857148,0.11142857142857148,0,0
HYD,20200609,0.11142857142857148,0.11142857142857148,0.10214285714285719,0.106785714285714335,188183,0
HYD,20200610,0.10214285714285719,0.10214285714285719,0.0928571428571429,0.0928571428571429,521887,0
HYD,20200611,0.0928571428571429,0.10214285714285719,0.0928571428571429,0.097500000000000045,95983,0
HYD,20200612,0.0928571428571429,0.097500000000000045,0.0928571428571429,0.0928571428571429,20180,0
HYD,20200615,0.0928571428571429,0.0928571428571429,0.0928571428571429,0.0928571428571429,0,0
HYD,20200616,0.097500000000000045,0.097500000000000045,0.091928571428571471,0.091928571428571471,37795,0
HYD,20200617,0.091928571428571471,0.091928571428571471,0.091000000000000042,0.091000000000000042,19288,0
HYD,20200618,0.091928571428571471,0.0928571428571429,0.088214285714285755,0.088214285714285755,108991,0
HYD,20200619,0.091928571428571471,0.0928571428571429,0.085428571428571468,0.086357142857142897,127930,0
HYD,20200622,0.089142857142857184,0.089142857142857184,0.089142857142857184,0.089142857142857184,5500,0
HYD,20200623,0.086357142857142897,0.089142857142857184,0.085428571428571468,0.089142857142857184,33600,0
HYD,20200624,0.090071428571428613,0.090071428571428613,0.086357142857142897,0.086357142857142897,93897,0
HYD,20200625,0.087285714285714326,0.090071428571428613,0.086357142857142897,0.086357142857142897,96296,0
HYD,20200626,0.085428571428571468,0.085428571428571468,0.085428571428571468,0.085428571428571468,19397,0
HYD,20200629,0.086357142857142897,0.088214285714285755,0.085428571428571468,0.086357142857142897,131766,0
HYD,20200630,0.087285714285714326,0.0928571428571429,0.087285714285714326,0.0928571428571429,235846,0
HYD,20200701,0.0928571428571429,0.0928571428571429,0.0928571428571429,0.0928571428571429,0,0
HYD,20200702,0.0928571428571429,0.0928571428571429,0.0928571428571429,0.0928571428571429,0,0
HYD,20200703,0.0928571428571429,0.0928571428571429,0.0928571428571429,0.0928571428571429,0,0
HYD,20200706,0.0928571428571429,0.10214285714285719,0.085428571428571468,0.10214285714285719,947280,0
HYD,20200707,0.097500000000000045,0.106785714285714335,0.091928571428571471,0.097500000000000045,389813,0
HYD,20200708,0.11,0.11,0.1,0.1,430291,0
HYD,20200709,0.105,0.105,0.1,0.105,185170,0
HYD,20200710,0.1,0.1,0.096,0.1,250649,0
HYD,20200713,0.105,0.105,0.1,0.1,80496,0
HYD,20200714,0.1,0.1,0.094,0.094,206754,0
HYD,20200715,0.094,0.094,0.088,0.09,231453,0
HYD,20200716,0.09,0.093,0.086,0.093,92262,0
HYD,20200717,0.093,0.095,0.088,0.095,166936,0
HYD,20200720,0.094,0.096,0.09,0.096,164620,0
HYD,20200721,0.095,0.097,0.093,0.096,200000,0
HYD,20200722,0.09,0.09,0.09,0.09,6667,0
HYD,20200723,0.09,0.09,0.09,0.09,0,0
HYD,20200724,0.095,0.095,0.095,0.095,140000,0
HYD,20200727,0.095,0.095,0.095,0.095,31315,0
HYD,20200728,0.095,0.096,0.092,0.095,51740,0
HYD,20200729,0.093,0.1,0.09,0.092,1100452,0
HYD,20200730,0.083,0.09,0.078,0.084,1391449,0
HYD,20200731,0.082,0.082,0.076,0.078,1438939,0
HYD,20200803,0.075,0.078,0.073,0.074,863127,0
HYD,20200804,0.076,0.079,0.074,0.079,391544,0
HYD,20200805,0.079,0.087,0.079,0.086,394291,0
HYD,20200806,0.087,0.091,0.086,0.086,661127,0
HYD,20200807,0.088,0.088,0.086,0.088,122974,0
HYD,20200810,0.086,0.086,0.082,0.082,330404,0
HYD,20200811,0.083,0.084,0.082,0.084,344007,0
HYD,20200812,0.083,0.083,0.079,0.079,202710,0
HYD,20200813,0.083,0.089,0.083,0.089,234005,0
HYD,20200814,0.089,0.089,0.089,0.089,11540,0
HYD,20200817,0.093,0.33,0.093,0.32,34309931,0
HYD,20200818,0.36,0.81,0.32,0.56,44494249,0
HYD,20200819,0.54,0.54,0.39,0.405,8727465,0
HYD,20200820,0.37,0.54,0.37,0.43,7699549,0
HYD,20200821,0.43,0.475,0.405,0.455,3763873,0
HYD,20200824,0.445,0.505,0.415,0.43,4286243,0
HYD,20200825,0.435,0.45,0.4,0.42,1429135,0
HYD,20200826,0.425,0.455,0.415,0.42,1727549,0
HYD,20200827,0.43,0.47,0.42,0.42,3111450,0
HYD,20200828,0.425,0.43,0.41,0.42,1000290,0
HYD,20200831,0.42,0.42,0.4,0.41,1124454,0
HYD,20200901,0.4,0.41,0.36,0.365,1989943,0
HYD,20200902,0.36,0.38,0.355,0.365,669442,0
HYD,20200903,0.365,0.365,0.34,0.35,796750,0
HYD,20200904,0.335,0.35,0.31,0.34,573529,0
HYD,20200907,0.33,0.335,0.305,0.31,1028148,0
HYD,20200908,0.31,0.32,0.275,0.315,1758641,0
HYD,20200909,0.3,0.33,0.285,0.285,1155213,0
HYD,20200910,0.31,0.31,0.28,0.28,716748,0
HYD,20200911,0.28,0.28,0.265,0.265,415075,0
HYD,20200914,0.265,0.28,0.26,0.28,631805,0
HYD,20200915,0.275,0.275,0.265,0.265,496702,0
HYD,20200916,0.26,0.375,0.26,0.365,3145685,0
HYD,20200917,0.38,0.39,0.295,0.3,2687691,0
HYD,20200918,0.31,0.32,0.295,0.295,800713,0
HYD,20200921,0.31,0.31,0.28,0.28,723794,0
HYD,20200922,0.27,0.3,0.27,0.3,484493,0
HYD,20200923,0.305,0.315,0.285,0.285,388323,0
HYD,20200924,0.285,0.3,0.28,0.285,490662,0
HYD,20200925,0.29,0.305,0.285,0.29,367837,0
HYD,20200928,0.29,0.3,0.28,0.28,213824,0
HYD,20200929,0.285,0.29,0.275,0.275,676095,0
HYD,20200930,0.275,0.28,0.27,0.27,436755,0
HYD,20201001,0.35,0.475,0.325,0.37,27982170,0
HYD,20201002,0.355,0.365,0.3,0.305,4312312,0
HYD,20201005,0.315,0.345,0.315,0.315,1732826,0
HYD,20201006,0.32,0.325,0.305,0.305,542701,0
HYD,20201007,0.305,0.325,0.305,0.315,419177,0
HYD,20201008,0.315,0.315,0.29,0.295,1322869,0
HYD,20201009,0.305,0.31,0.3,0.3,431404,0
HYD,20201012,0.305,0.345,0.305,0.335,1175570,0
HYD,20201013,0.335,0.335,0.315,0.325,287514,0
HYD,20201014,0.33,0.33,0.315,0.32,294861,0
HYD,20201015,0.315,0.32,0.315,0.315,171024,0
HYD,20201016,0.325,0.345,0.32,0.335,699067,0
HYD,20201019,0.34,0.34,0.33,0.33,289143,0
HYD,20201020,0.335,0.335,0.325,0.325,292012,0
HYD,20201021,0.33,0.335,0.325,0.33,232107,0
HYD,20201022,0.38,0.42,0.34,0.34,4230372,0
HYD,20201023,0.34,0.34,0.33,0.33,638300,0
HYD,20201026,0.33,0.335,0.33,0.33,246564,0
HYD,20201027,0.33,0.33,0.325,0.325,276520,0
HYD,20201028,0.325,0.325,0.325,0.325,0,0
HYD,20201029,0.325,0.325,0.325,0.325,0,0
HYD,20201030,0.35,0.365,0.33,0.33,633218,0
HYD,20201102,0.33,0.33,0.305,0.31,395062,0
HYD,20201103,0.305,0.31,0.3,0.3,222493,0
HYD,20201104,0.305,0.305,0.3,0.3,319314,0
HYD,20201105,0.305,0.32,0.302,0.32,244156,0
HYD,20201106,0.3,0.305,0.295,0.295,1287210,0
HYD,20201109,0.3,0.3,0.29,0.29,714479,0
HYD,20201110,0.295,0.3,0.285,0.285,406894,0
HYD,20201111,0.29,0.295,0.29,0.295,289781,0
HYD,20201112,0.295,0.295,0.29,0.29,278337,0
HYD,20201113,0.295,0.297,0.28,0.295,987435,0
HYD,20201116,0.295,0.295,0.295,0.295,16142,0
HYD,20201117,0.295,0.305,0.285,0.29,604983,0
HYD,20201118,0.29,0.295,0.29,0.29,38611,0
HYD,20201119,0.29,0.29,0.285,0.285,349947,0
HYD,20201120,0.285,0.295,0.285,0.29,246653,0
HYD,20201123,0.3,0.3,0.285,0.285,289096,0
HYD,20201124,0.29,0.295,0.285,0.295,185098,0
HYD,20201125,0.29,0.295,0.285,0.285,216044,0
HYD,20201126,0.29,0.295,0.28,0.28,407574,0
HYD,20201127,0.285,0.285,0.28,0.28,226829,0
HYD,20201130,0.28,0.2875,0.28,0.2875,146879,0
HYD,20201201,0.285,0.29,0.28,0.28,263824,0
HYD,20201202,0.28,0.2825,0.28,0.28,191611,0
HYD,20201203,0.28,0.285,0.28,0.285,180103,0
HYD,20201204,0.28,0.285,0.28,0.28,501089,0
HYD,20201207,0.28,0.29,0.27,0.27,677050,0
HYD,20201208,0.27,0.27,0.27,0.27,197154,0
HYD,20201209,0.27,0.27,0.265,0.27,153996,0
HYD,20201210,0.28,0.285,0.28,0.28,504453,0
HYD,20201211,0.28,0.28,0.27,0.27,96418,0
HYD,20201214,0.27,0.27,0.265,0.265,54027,0
HYD,20201215,0.265,0.265,0.25,0.265,485039,0
HYD,20201216,0.255,0.265,0.24,0.24,173722,0
HYD,20201217,0.245,0.255,0.245,0.255,75076,0
HYD,20201218,0.25,0.25,0.24,0.245,235870,0
HYD,20201221,0.25,0.25,0.23,0.23,266127,0
HYD,20201222,0.235,0.265,0.235,0.255,225313,0
HYD,20201223,0.255,0.255,0.245,0.25,50245,0
HYD,20201224,0.25,0.25,0.25,0.25,1980,0
HYD,20201225,0.25,0.25,0.25,0.25,0,0
HYD,20201228,0.25,0.25,0.25,0.25,0,0
HYD,20201229,0.245,0.25,0.245,0.25,34211,0
HYD,20201230,0.255,0.255,0.25,0.25,23996,0
HYD,20201231,0.255,0.26,0.25,0.26,125656,0
HYD,20210101,0.26,0.26,0.26,0.26,0,0
HYD,20210104,0.255,0.255,0.245,0.255,102885,0
HYD,20210105,0.255,0.26,0.25,0.255,210365,0
HYD,20210106,0.25,0.25,0.245,0.245,174041,0
HYD,20210107,0.245,0.245,0.24,0.24,87395,0
HYD,20210108,0.245,0.25,0.24,0.245,83111,0
HYD,20210111,0.245,0.25,0.24,0.24,264786,0
HYD,20210112,0.245,0.245,0.24,0.245,81206,0
HYD,20210113,0.24,0.2425,0.24,0.24,167480,0
HYD,20210114,0.24,0.245,0.24,0.245,131270,0
HYD,20210115,0.245,0.255,0.245,0.25,415182,0
HYD,20210118,0.255,0.275,0.25,0.275,953959,0
HYD,20210119,0.27,0.27,0.26,0.265,167244,0
HYD,20210120,0.265,0.27,0.255,0.255,183435,0
HYD,20210121,0.255,0.255,0.255,0.255,87244,0
HYD,20210122,0.255,0.295,0.255,0.295,1421302,0
HYD,20210125,0.295,0.3,0.275,0.28,362690,0
HYD,20210126,0.28,0.28,0.28,0.28,0,0
HYD,20210127,0.28,0.29,0.275,0.28,448524,0
HYD,20210128,0.275,0.285,0.27,0.275,323351,0
HYD,20210129,0.285,0.29,0.26,0.26,674688,0
HYD,20210201,0.255,0.26,0.24,0.245,1261363,0
HYD,20210202,0.25,0.255,0.24,0.245,441673,0
HYD,20210203,0.245,0.25,0.24,0.24,601899,0
HYD,20210204,0.24,0.25,0.24,0.245,111312,0
HYD,20210205,0.245,0.25,0.24,0.245,194530,0
HYD,20210208,0.24,0.25,0.24,0.24,383960,0
HYD,20210209,0.24,0.2475,0.24,0.24,258826,0
HYD,20210210,0.24,0.245,0.24,0.245,102051,0
HYD,20210211,0.245,0.245,0.24,0.24,414099,0
HYD,20210212,0.24,0.24,0.24,0.24,293145,0
HYD,20210215,0.24,0.25,0.24,0.24,310929,0
HYD,20210216,0.245,0.245,0.24,0.245,231611,0
HYD,20210217,0.245,0.27,0.245,0.27,906094,0
HYD,20210218,0.27,0.27,0.255,0.255,256051,0
HYD,20210219,0.255,0.26,0.245,0.245,535489,0
HYD,20210222,0.25,0.25,0.245,0.245,119734,0
HYD,20210223,0.245,0.255,0.245,0.25,235136,0
HYD,20210224,0.245,0.25,0.24,0.24,362805,0
HYD,20210225,0.245,0.245,0.235,0.235,649091,0
HYD,20210226,0.235,0.235,0.21,0.215,816441,0
HYD,20210301,0.22,0.22,0.21,0.21,218300,0
HYD,20210302,0.215,0.225,0.215,0.22,168404,0
HYD,20210303,0.22,0.225,0.22,0.22,135136,0
HYD,20210304,0.22,0.23,0.22,0.22,59952,0
HYD,20210305,0.225,0.225,0.22,0.22,191104,0
HYD,20210308,0.215,0.22,0.215,0.215,63256,0
HYD,20210309,0.22,0.22,0.22,0.22,298078,0
HYD,20210310,0.225,0.225,0.22,0.22,185544,0
HYD,20210311,0.22,0.22,0.22,0.22,45674,0
HYD,20210312,0.22,0.22,0.22,0.22,28490,0
HYD,20210315,0.22,0.23,0.22,0.23,76555,0
HYD,20210316,0.225,0.24,0.225,0.235,167923,0
HYD,20210317,0.24,0.24,0.235,0.235,84851,0
HYD,20210318,0.235,0.235,0.225,0.225,208439,0
HYD,20210319,0.225,0.225,0.22,0.22,106867,0
HYD,20210322,0.23,0.23,0.215,0.22,231530,0
HYD,20210323,0.22,0.22,0.21,0.215,1136573,0
HYD,20210324,0.21,0.21,0.205,0.21,201915,0
HYD,20210325,0.21,0.21,0.2,0.205,126659,0
HYD,20210326,0.205,0.205,0.205,0.205,30794,0
HYD,20210329,0.205,0.215,0.205,0.21,105467,0
HYD,20210330,0.215,0.215,0.215,0.215,526678,0
HYD,20210331,0.215,0.215,0.21,0.215,390372,0
HYD,20210401,0.215,0.215,0.21,0.21,289309,0
HYD,20210402,0.21,0.21,0.21,0.21,0,0
HYD,20210405,0.21,0.21,0.21,0.21,0,0
HYD,20210406,0.21,0.215,0.21,0.215,174074,0
HYD,20210407,0.21,0.215,0.21,0.215,334878,0
HYD,20210408,0.215,0.215,0.21,0.21,154862,0
HYD,20210409,0.21,0.215,0.21,0.215,137478,0
HYD,20210412,0.215,0.215,0.21,0.21,198290,0
HYD,20210413,0.205,0.205,0.2,0.205,606094,0
HYD,20210414,0.21,0.21,0.2,0.2,112776,0
HYD,20210415,0.205,0.205,0.2,0.2,68076,0
HYD,20210416,0.2,0.205,0.2,0.205,28695,0
HYD,20210419,0.205,0.205,0.2,0.2,45008,0
HYD,20210420,0.2,0.205,0.2,0.205,96579,0
HYD,20210421,0.205,0.205,0.205,0.205,15636,0
HYD,20210422,0.205,0.205,0.2,0.2,142936,0
HYD,20210423,0.205,0.205,0.2,0.205,86767,0
HYD,20210426,0.21,0.21,0.205,0.205,2707,0
HYD,20210427,0.21,0.21,0.2,0.2,62737,0
HYD,20210428,0.2,0.205,0.2,0.2,125751,0
HYD,20210429,0.2,0.205,0.2,0.2,330312,0
HYD,20210430,0.2,0.2,0.18,0.18,436060,0
HYD,20210503,0.185,0.185,0.175,0.18,313642,0
HYD,20210504,0.18,0.185,0.18,0.18,185677,0
HYD,20210505,0.18,0.18,0.17,0.175,292901,0
HYD,20210506,0.175,0.175,0.17,0.17,43559,0
HYD,20210507,0.17,0.18,0.17,0.175,231356,0
HYD,20210510,0.175,0.18,0.175,0.175,65080,0
HYD,20210511,0.175,0.18,0.175,0.175,108828,0
HYD,20210512,0.175,0.175,0.175,0.175,52879,0
HYD,20210513,0.175,0.175,0.165,0.17,93505,0
HYD,20210514,0.175,0.175,0.17,0.17,66345,0
HYD,20210517,0.175,0.175,0.17,0.17,87813,0
HYD,20210518,0.17,0.17,0.165,0.17,67575,0
HYD,20210519,0.16,0.17,0.16,0.165,16069,0
HYD,20210520,0.17,0.175,0.165,0.165,48469,0
HYD,20210521,0.165,0.175,0.16,0.17,49918,0
HYD,20210524,0.165,0.175,0.165,0.17,31778,0
HYD,20210525,0.1675,0.17,0.16,0.16,909311,0
HYD,20210526,0.16,0.17,0.155,0.16,575747,0
HYD,20210527,0.155,0.16,0.1525,0.16,550335,0
HYD,20210528,0.16,0.17,0.16,0.17,260355,0
HYD,20210531,0.17,0.17,0.17,0.17,5660,0
HYD,20210601,0.175,0.18,0.175,0.18,260870,0
HYD,20210602,0.185,0.195,0.185,0.19,46683,0
HYD,20210603,0.19,0.19,0.19,0.19,22707,0
HYD,20210604,0.185,0.19,0.185,0.19,52858,0
HYD,20210607,0.185,0.19,0.17,0.17,492101,0
HYD,20210608,0.18,0.18,0.175,0.1775,23494,0
HYD,20210609,0.175,0.175,0.17,0.1725,44696,0
HYD,20210610,0.17,0.18,0.17,0.18,52581,0
HYD,20210611,0.17,0.18,0.17,0.17,90820,0
HYD,20210614,0.17,0.17,0.17,0.17,0,0
HYD,20210615,0.17,0.17,0.165,0.17,118787,0
HYD,20210616,0.165,0.17,0.165,0.17,3042,0
HYD,20210617,0.165,0.165,0.155,0.155,597406,0
HYD,20210618,0.155,0.155,0.145,0.155,444055,0
HYD,20210621,0.145,0.15,0.145,0.145,400353,0
HYD,20210622,0.145,0.155,0.145,0.145,608834,0
HYD,20210623,0.15,0.155,0.145,0.145,411345,0
HYD,20210624,0.15,0.155,0.15,0.155,218774,0
HYD,20210625,0.155,0.155,0.155,0.155,0,0
HYD,20210628,0.27,0.29,0.2,0.21,33608354,0
HYD,20210629,0.215,0.225,0.19,0.195,6664310,0
HYD,20210630,0.195,0.225,0.1775,0.185,5195519,0
HYD,20210701,0.185,0.2,0.185,0.2,640308,0
